     1   890   16  29.724848114840  -95.346642677741
     2   889   16  29.724847656771  -95.346668505755
     3   889   17  29.724825113297  -95.346667980943
     4   890   17  29.724825571365  -95.346642152935
     5  1741   60  29.724244178505  -95.324639947238
     6  1742   60  29.724244632268  -95.324614118972
     7  1743   60  29.724245086026  -95.324588290705
     8  1744   60  29.724245539779  -95.324562462438
     9  1741   61  29.724221634674  -95.324639427363
    10  1742   61  29.724222088436  -95.324613599103
    11  1744   61  29.724222995946  -95.324561942581
    12  1743   61  29.724222542194  -95.324587770842
    13  1742   62  29.724199544604  -95.324613079235
    14  1743   62  29.724199998362  -95.324587250980
    15  1744   62  29.724200452114  -95.324561422724
    16  1741   62  29.724199090842  -95.324638907489
    17  1741   63  29.724176547011  -95.324638387616
    18  1743   63  29.724177454529  -95.324586731118
    19  1742   63  29.724177000772  -95.324612559367
    20  1744   63  29.724177908281  -95.324560902868
    21   931   69  29.723672086139  -95.345555927310
    22   930   69  29.723671628298  -95.345581755043
    23   930   70  29.723649084802  -95.345581230499
    24   931   70  29.723649542642  -95.345555402772
    25   236   72  29.723285043809  -95.363504472052
    26   237   72  29.723285505140  -95.363478644752
    27   238   72  29.723285966467  -95.363452817451
    28   236   73  29.723262500602  -95.363503943512
    29   237   73  29.723262961934  -95.363478116217
    30   238   73  29.723263423260  -95.363452288921
    31   266   74  29.723253795127  -95.362728596039
    32   265   74  29.723253333942  -95.362754423345
    33   238   74  29.723240880052  -95.363451760393
    34   236   74  29.723239957396  -95.363503414971
    35   237   74  29.723240418727  -95.363477587682
    36   266   75  29.723231251908  -95.362728067672
    37   265   75  29.723230790724  -95.362753894973
    38   912   83  29.723347777461  -95.346039309131
    39   913   83  29.723348235387  -95.346013481489
    40   911   83  29.723347319531  -95.346065136772
    41   912   84  29.723325233972  -95.346038784492
    42   911   84  29.723324776042  -95.346064612128
    43   913   84  29.723325691896  -95.346012956857
    44   157   85  29.722955521461  -95.365537949998
    45   156   85  29.722955059733  -95.365563777175
    46   911   85  29.723302232552  -95.346064087484
    47   912   85  29.723302690482  -95.346038259854
    48   913   85  29.723303148406  -95.346012432224
    49   158   85  29.722955983185  -95.365512122819
    50   157   86  29.722932978287  -95.365537421009
    51   158   86  29.722933440010  -95.365511593837
    52   156   86  29.722932516559  -95.365563248181
    53   156   87  29.722909973385  -95.365562719188
    54   157   87  29.722910435113  -95.365536892022
    55   158   87  29.722910896835  -95.365511064855
    56   362   95  29.722824636969  -95.360238087865
    57   361   95  29.722824176277  -95.360263915108
    58   361   96  29.722801633016  -95.360263387301
    59   362   96  29.722802093708  -95.360237560064
    60   519  130  29.722107886850  -95.356164762260
    61   518  130  29.722107426962  -95.356190589396
    62   519  131  29.722085343520  -95.356164235385
    63   518  131  29.722084883632  -95.356190062515
    64  1841  137  29.722553651440  -95.322017133463
    65  1842  137  29.722554104668  -95.321991305582
    66  1842  138  29.722531560789  -95.321990786335
    67  1841  138  29.722531107561  -95.322016614210
    68   479  145  29.721751337691  -95.357189940686
    69   478  145  29.721750877608  -95.357215767711
    70   479  146  29.721728794377  -95.357189413590
    71   478  146  29.721728334294  -95.357215240609
    72  1838  148  29.722304309064  -95.322088905164
    73  1839  148  29.722304762303  -95.322063077348
    74  1837  148  29.722303855821  -95.322114732979
    75  1837  149  29.722281311942  -95.322114213710
    76  1839  149  29.722282218423  -95.322062558090
    77  1838  149  29.722281765185  -95.322088385900
    78  1838  150  29.722259221306  -95.322087866637
    79   910  150  29.721836447648  -95.346055814166
    80   909  150  29.721835989736  -95.346081641420
    81  1839  150  29.722259674544  -95.322062038832
    82   908  150  29.721835531818  -95.346107468673
    83  1837  150  29.722258768063  -95.322113694441
    84   908  151  29.721812988324  -95.346106944051
    85   909  151  29.721813446241  -95.346081116804
    86   910  151  29.721813904154  -95.346055289556
    87   908  152  29.721790444831  -95.346106419430
    88   909  152  29.721790902747  -95.346080592189
    89   910  152  29.721791360659  -95.346054764946
    90   506  158  29.721470694796  -95.356485760594
    91   507  158  29.721471154733  -95.356459933627
    92   505  158  29.721470234854  -95.356511587561
    93   507  159  29.721448611406  -95.356459406700
    94   506  159  29.721448151469  -95.356485233661
    95   505  159  29.721447691528  -95.356511060621
    96   507  160  29.721426068079  -95.356458879773
    97   506  160  29.721425608143  -95.356484706728
    98   505  160  29.721425148202  -95.356510533683
    99  1003  163  29.721585945569  -95.343647064044
   100  1005  163  29.721586860432  -95.343595409573
   101  1004  163  29.721586403003  -95.343621236809
   102  1003  164  29.721563402035  -95.343646539977
   103  1004  164  29.721563859468  -95.343620712748
   104  1005  164  29.721564316897  -95.343594885518
   105  1004  165  29.721541315933  -95.343620188688
   106  1003  165  29.721540858500  -95.343646015911
   107  1005  165  29.721541773362  -95.343594361464
   108   898  168  29.721425169540  -95.346356297033
   109   897  168  29.721424711575  -95.346382124176
   110   899  168  29.721425627500  -95.346330469890
   111   898  169  29.721402626049  -95.346355772365
   112   899  169  29.721403084009  -95.346329945227
   113   897  169  29.721402168084  -95.346381599502
   114   897  170  29.721379624593  -95.346381074828
   115   899  170  29.721380540517  -95.346329420565
   116   898  170  29.721380082558  -95.346355247697
   117  1073  172  29.721415061724  -95.341834443220
   118  1072  172  29.721414604641  -95.341860270444
   119  1074  172  29.721415518802  -95.341808615996
   120  1074  173  29.721392975237  -95.341808092343
   121  1073  173  29.721392518159  -95.341833919562
   122  1072  173  29.721392061077  -95.341859746781
   123  1073  174  29.721369974595  -95.341833395905
   124  1072  174  29.721369517513  -95.341859223118
   125  1074  174  29.721370431672  -95.341807568692
   126  1055  202  29.720730526716  -95.342283620572
   127  1054  202  29.720730069555  -95.342309447612
   128  1056  202  29.720730983872  -95.342257793531
   129  1056  203  29.720708440312  -95.342257269793
   130  1054  203  29.720707525996  -95.342308923863
   131  1055  203  29.720707983156  -95.342283096828
   132  1054  204  29.720684982436  -95.342308400114
   133  1056  204  29.720685896752  -95.342256746055
   134  1055  204  29.720685439597  -95.342282573085
   135   999  226  29.720163873050  -95.343717356490
   136  1000  226  29.720164330478  -95.343691529621
   137   998  226  29.720163415617  -95.343743183359
   138   999  227  29.720141329512  -95.343716832438
   139  1000  227  29.720141786939  -95.343691005574
   140   998  227  29.720140872079  -95.343742659301
   141   999  228  29.720118785974  -95.343716308387
   142   998  228  29.720118328541  -95.343742135244
   143  1000  228  29.720119243401  -95.343690481529
   144  1119  230  29.720128554125  -95.340616034470
   145  1120  230  29.720129010948  -95.340590207552
   146  1121  230  29.720129467765  -95.340564380634
   147  1818  231  29.720424101684  -95.322562354918
   148  1119  231  29.720106010537  -95.340615511112
   149  1120  231  29.720106467359  -95.340589684200
   150  1121  231  29.720106924176  -95.340563857287
   151  1817  231  29.720423648374  -95.322588182244
   152  1121  232  29.720084380587  -95.340563333941
   153  1817  232  29.720401104497  -95.322587662908
   154  1119  232  29.720083466948  -95.340614987754
   155  1120  232  29.720083923770  -95.340589160848
   156  1818  232  29.720401557806  -95.322561835588
   157   398  275  29.718783427474  -95.359213349538
   158   397  275  29.718782967038  -95.359239175765
   159   397  276  29.718760423747  -95.359238648274
   160   398  276  29.718760884182  -95.359212822052
   161  1094  283  29.718922322176  -95.341233962414
   162  1093  283  29.718921865245  -95.341259789011
   163  1092  283  29.718921408308  -95.341285615607
   164  1093  284  29.718899321663  -95.341259265534
   165  1092  284  29.718898864727  -95.341285092125
   166  1094  284  29.718899778594  -95.341233438943
   167  1093  285  29.718876778080  -95.341258742058
   168  1094  285  29.718877235011  -95.341232915473
   169  1092  285  29.718876321145  -95.341284568643
   170  1078  305  29.718419051983  -95.341635669644
   171  1077  305  29.718418594980  -95.341661496105
   172  1079  305  29.718419508980  -95.341609843183
   173  1079  306  29.718396965402  -95.341609319638
   174  1078  306  29.718396508405  -95.341635146094
   175  1077  306  29.718396051403  -95.341660972549
   176  1078  307  29.718373964827  -95.341634622545
   177  1077  307  29.718373507825  -95.341660448994
   178  1079  307  29.718374421824  -95.341608796095
   179  1220  328  29.717965391611  -95.337956283510
   180  1219  328  29.717964935332  -95.337982109922
   181  1218  328  29.717964479049  -95.338007936334
   182  1219  329  29.717942391694  -95.337981587198
   183  1218  329  29.717941935411  -95.338007413605
   184  1220  329  29.717942847972  -95.337955760792
   185  1219  330  29.717919848056  -95.337981064475
   186  1218  330  29.717919391773  -95.338006890876
   187  1220  330  29.717920304334  -95.337955238074
   188  1183  341  29.717655438840  -95.338905062318
   189  1182  341  29.717654982380  -95.338930888634
   190  1182  342  29.717632438756  -95.338930365704
   191  1183  342  29.717632895215  -95.338904539394

