     1   769    7  29.724995542787  -95.349772592660
     2   768    7  29.724995084106  -95.349798420654
     3   772    7  29.724996918802  -95.349695108676
     4   771    7  29.724996460135  -95.349720936671
     5   770    7  29.724996001464  -95.349746764666
     6   770    8  29.724973458040  -95.349746239164
     7   771    8  29.724973916711  -95.349720411174
     8   772    8  29.724974375377  -95.349694583185
     9   769    8  29.724972999363  -95.349772067152
    10   768    8  29.724972540682  -95.349797895140
    11   768    9  29.724949997259  -95.349797369627
    12   770    9  29.724950914615  -95.349745713662
    13   771    9  29.724951373286  -95.349719885678
    14   772    9  29.724951831952  -95.349694057694
    15   769    9  29.724950455940  -95.349771541645
    16   771   10  29.724928829861  -95.349719360183
    17   770   10  29.724928371191  -95.349745188161
    18   772   10  29.724929288526  -95.349693532205
    19   768   10  29.724927453835  -95.349796844114
    20   769   10  29.724927912516  -95.349771016138
    21   772   11  29.724906745101  -95.349693006716
    22   769   11  29.724905369092  -95.349770490631
    23   768   11  29.724904910412  -95.349796318602
    24   770   11  29.724905827767  -95.349744662660
    25   771   11  29.724906286436  -95.349718834688
    26   656  109  29.722644255079  -95.352637486992
    27   657  109  29.722644714281  -95.352611659653
    28   658  109  29.722645173479  -95.352585832313
    29   659  109  29.722645632671  -95.352560004973
    30   656  110  29.722621711693  -95.352636960893
    31   657  110  29.722622170896  -95.352611133560
    32   659  110  29.722623089285  -95.352559478892
    33   658  110  29.722622630093  -95.352585306226
    34   657  111  29.722599627510  -95.352610607468
    35   656  111  29.722599168308  -95.352636434796
    36   659  111  29.722600545898  -95.352558952811
    37   658  111  29.722600086707  -95.352584780140
    38   657  112  29.722577084124  -95.352610081377
    39   656  112  29.722576624923  -95.352635908698
    40   658  112  29.722577543320  -95.352584254054
    41   659  112  29.722578002512  -95.352558426731
    42   781  128  29.722273291080  -95.349399082906
    43   779  128  29.722272373934  -95.349450737513
    44   782  128  29.722273749646  -95.349373255602
    45   783  128  29.722274208207  -95.349347428297
    46   784  128  29.722274666762  -95.349321600992
    47   780  128  29.722272832510  -95.349424910210
    48   784  129  29.722252123322  -95.349321075642
    49   783  129  29.722251664767  -95.349346902942
    50   782  129  29.722251206206  -95.349372730241
    51   781  129  29.722250747641  -95.349398557539
    52   780  129  29.722250289071  -95.349424384837
    53   779  129  29.722249830496  -95.349450212134
    54   781  130  29.722228204202  -95.349398032173
    55   782  130  29.722228662767  -95.349372204881
    56   783  130  29.722229121327  -95.349346377587
    57   784  130  29.722229579882  -95.349320550294
    58   780  130  29.722227745632  -95.349423859465
    59   779  130  29.722227287057  -95.349449686757
    60   781  131  29.722205660763  -95.349397506808
    61   782  131  29.722206119327  -95.349371679521
    62   783  131  29.722206577887  -95.349345852233
    63   779  131  29.722204743619  -95.349449161380
    64   784  131  29.722207036441  -95.349320024945
    65   780  131  29.722205202193  -95.349423334094
    66   782  132  29.722183575888  -95.349371154162
    67   784  132  29.722184493001  -95.349319499598
    68   783  132  29.722184034447  -95.349345326880
    69   779  132  29.722182200181  -95.349448636003
    70   780  132  29.722182658755  -95.349422808723
    71   781  132  29.722183117324  -95.349396981443
    72   399  166  29.721241106217  -95.359245022209
    73   400  166  29.721241566689  -95.359219195353
    74   401  166  29.721242027156  -95.359193368495
    75   401  167  29.721219483873  -95.359192840962
    76   400  167  29.721219023406  -95.359218667813
    77   399  167  29.721218562935  -95.359244494664
    78   400  168  29.721196480123  -95.359218140274
    79   399  168  29.721196019652  -95.359243967120
    80   401  168  29.721196940589  -95.359192313429
    81  1019  172  29.721390372037  -95.343229112467
    82  1020  172  29.721390829386  -95.343203285274
    83  1021  172  29.721391286731  -95.343177458081
    84  1023  172  29.721392201406  -95.343125803693
    85  1022  172  29.721391744071  -95.343151630887
    86  1020  173  29.721368285844  -95.343202761311
    87  1022  173  29.721369200528  -95.343151106936
    88  1023  173  29.721369657862  -95.343125279747
    89  1021  173  29.721368743189  -95.343176934123
    90  1019  173  29.721367828495  -95.343228588498
    91  1020  174  29.721345742302  -95.343202237348
    92  1019  174  29.721345284953  -95.343228064529
    93  1022  174  29.721346656985  -95.343150582984
    94  1023  174  29.721347114318  -95.343124755802
    95  1021  174  29.721346199646  -95.343176410167
    96  1019  175  29.721322741411  -95.343227540561
    97  1021  175  29.721323656103  -95.343175886210
    98  1022  175  29.721324113441  -95.343150059034
    99  1023  175  29.721324570775  -95.343124231857
   100  1020  175  29.721323198759  -95.343201713386
   101  1020  176  29.721300655217  -95.343201189424
   102  1021  176  29.721301112560  -95.343175362254
   103  1022  176  29.721301569898  -95.343149535084
   104  1019  176  29.721300197869  -95.343227016594
   105  1023  176  29.721302027231  -95.343123707913
   106   213  177  29.720907395678  -95.364042992374
   107   211  177  29.720906472857  -95.364094645735
   108   212  177  29.720906934270  -95.364068819055
   109   214  177  29.720907857081  -95.364017165692
   110   210  177  29.720906011439  -95.364120472415
   111   212  178  29.720884391065  -95.364068290439
   112   213  178  29.720884852473  -95.364042463763
   113   210  178  29.720883468234  -95.364119943788
   114   211  178  29.720883929652  -95.364094117113
   115   214  178  29.720885313875  -95.364016637087
   116   213  179  29.720862309267  -95.364041935153
   117   211  179  29.720861386447  -95.364093588492
   118   212  179  29.720861847860  -95.364067761823
   119   214  179  29.720862770669  -95.364016108483
   120   210  179  29.720860925030  -95.364119415160
   121   213  180  29.720839766061  -95.364041406544
   122   210  180  29.720838381825  -95.364118886534
   123   214  180  29.720840227463  -95.364015579880
   124   211  180  29.720838843242  -95.364093059871
   125   212  180  29.720839304654  -95.364067233208
   126   211  181  29.720816300037  -95.364092531251
   127   210  181  29.720815838620  -95.364118357908
   128   212  181  29.720816761449  -95.364066704594
   129   213  181  29.720817222855  -95.364040877936
   130   214  181  29.720817684257  -95.364015051277
   131  1125  212  29.720537079606  -95.340470492884
   132  1129  212  29.720538906775  -95.340367184780
   133  1127  212  29.720537993201  -95.340418838833
   134  1126  212  29.720537536406  -95.340444665859
   135  1128  212  29.720538449990  -95.340393011807
   136  1127  213  29.720515449610  -95.340418315510
   137  1126  213  29.720514992816  -95.340444142530
   138  1129  213  29.720516363184  -95.340366661469
   139  1125  213  29.720514536017  -95.340469969550
   140  1128  213  29.720515906400  -95.340392488490
   141  1127  214  29.720492906020  -95.340417792188
   142  1128  214  29.720493362809  -95.340391965173
   143  1129  214  29.720493819593  -95.340366138158
   144  1126  214  29.720492449226  -95.340443619202
   145  1125  214  29.720491992427  -95.340469446216
   146  1125  215  29.720469448838  -95.340468922882
   147  1129  215  29.720471276002  -95.340365614848
   148  1126  215  29.720469905636  -95.340443095875
   149  1127  215  29.720470362430  -95.340417268866
   150  1128  215  29.720470819218  -95.340391441857
   151    67  256  29.719059068155  -95.367771856639
   152    72  256  29.719061378628  -95.367642725939
   153    71  256  29.719060916543  -95.367668552080
   154    70  256  29.719060454454  -95.367694378221
   155    69  256  29.719059992359  -95.367720204361
   156    68  256  29.719059530260  -95.367746030500
   157    74  256  29.719062302782  -95.367591073655
   158    73  256  29.719061840707  -95.367616899797
   159    72  257  29.719038835475  -95.367642196564
   160    73  257  29.719039297554  -95.367616370428
   161    71  257  29.719038373391  -95.367668022699
   162    70  257  29.719037911302  -95.367693848834
   163    69  257  29.719037449208  -95.367719674969
   164    68  257  29.719036987108  -95.367745501102
   165    67  257  29.719036525004  -95.367771327235
   166    74  257  29.719039759628  -95.367590544291
   167    72  258  29.719016292321  -95.367641667189
   168    71  258  29.719015830238  -95.367667493319
   169    69  258  29.719014906056  -95.367719145577
   170    70  258  29.719015368149  -95.367693319448
   171    68  258  29.719014443957  -95.367744971705
   172    73  258  29.719016754400  -95.367615841059
   173    74  258  29.719017216474  -95.367590014928
   174    67  258  29.719013981853  -95.367770797832
   175    74  259  29.718994673319  -95.367589485566
   176    73  259  29.718994211246  -95.367615311691
   177    72  259  29.718993749168  -95.367641137815
   178    71  259  29.718993287085  -95.367666963939
   179    68  259  29.718991900805  -95.367744442307
   180    70  259  29.718992824997  -95.367692790063
   181    69  259  29.718992362903  -95.367718616185
   182    67  259  29.718991438702  -95.367770268429
   183    73  260  29.718971668092  -95.367614782323
   184    72  260  29.718971206015  -95.367640608442
   185    71  260  29.718970743932  -95.367666434560
   186    70  260  29.718970281844  -95.367692260678
   187    69  260  29.718969819751  -95.367718086795
   188    68  260  29.718969357653  -95.367743912911
   189    67  260  29.718968895551  -95.367769739027
   190    74  260  29.718972130165  -95.367588956204
   191    67  261  29.718946352399  -95.367769209625
   192    68  261  29.718946814502  -95.367743383515
   193    69  261  29.718947276599  -95.367717557405
   194    70  261  29.718947738691  -95.367691731293
   195    71  261  29.718948200779  -95.367665905182
   196    72  261  29.718948662861  -95.367640079069
   197    73  261  29.718949124938  -95.367614252956
   198    74  261  29.718949587011  -95.367588426842
