     1  1812    9  29.725426119948  -95.322832632401
     2  1813    9  29.725426573374  -95.322806803799
     3  1814    9  29.725427026796  -95.322780975196
     4  1815    9  29.725427480212  -95.322755146593
     5  1816    9  29.725427933624  -95.322729317989
     6  1817    9  29.725428387030  -95.322703489385
     7  1818    9  29.725428840432  -95.322677660780
     8  1819    9  29.725429293828  -95.322651832175
     9  1820    9  29.725429747219  -95.322626003569
    10  1812   10  29.725403576091  -95.322832112905
    11  1813   10  29.725404029517  -95.322806284309
    12  1814   10  29.725404482939  -95.322780455712
    13  1815   10  29.725404936355  -95.322754627115
    14  1816   10  29.725405389766  -95.322728798517
    15  1817   10  29.725405843172  -95.322702969918
    16  1818   10  29.725406296573  -95.322677141319
    17  1819   10  29.725406749969  -95.322651312720
    18  1820   10  29.725407203360  -95.322625484119
    19  1812   11  29.725381032235  -95.322831593410
    20  1813   11  29.725381485661  -95.322805764820
    21  1814   11  29.725381939081  -95.322779936229
    22  1815   11  29.725382392497  -95.322754107637
    23  1816   11  29.725382845908  -95.322728279045
    24  1817   11  29.725383299313  -95.322702450452
    25  1818   11  29.725383752714  -95.322676621859
    26  1819   11  29.725384206110  -95.322650793265
    27  1820   11  29.725384659500  -95.322624964670
    28  1812   12  29.725358488378  -95.322831073916
    29  1813   12  29.725358941804  -95.322805245331
    30  1814   12  29.725359395224  -95.322779416746
    31  1815   12  29.725359848639  -95.322753588160
    32  1816   12  29.725360302050  -95.322727759574
    33  1817   12  29.725360755455  -95.322701930987
    34  1818   12  29.725361208855  -95.322676102399
    35  1819   12  29.725361662250  -95.322650273811
    36  1820   12  29.725362115640  -95.322624445222
    37   760   16  29.724788523689  -95.350000314564
    38   759   16  29.724788064966  -95.350026142500
    39   759   17  29.724765521546  -95.350025616940
    40   760   17  29.724765980269  -95.349999789009
    41   550   23  29.724534278071  -95.355420480767
    42   551   23  29.724534737843  -95.355394652996
    43   550   24  29.724511734738  -95.355419954006
    44   551   24  29.724512194509  -95.355394126241
    45   546   42  29.724104115611  -95.355513783057
    46   545   42  29.724103655822  -95.355539610715
    47   546   43  29.724081572278  -95.355513256284
    48   545   43  29.724081112489  -95.355539083937
    49   706   77  29.723388597995  -95.351362945555
    50   705   77  29.723388139026  -95.351388773108
    51   704   77  29.723387680052  -95.351414600660
    52   706   78  29.723366054592  -95.351362419725
    53   705   78  29.723365595623  -95.351388247272
    54   704   78  29.723365136649  -95.351414074819
    55   704   79  29.723342593246  -95.351413548978
    56   706   79  29.723343511188  -95.351361893897
    57   705   79  29.723343052220  -95.351387721438
    58   817  106  29.722785752242  -95.348480853236
    59   816  106  29.722785293843  -95.348506680688
    60   818  106  29.722786210635  -95.348455025783
    61   819  106  29.722786669024  -95.348429198330
    62   650  106  29.722709129905  -95.352794029416
    63   651  106  29.722709589139  -95.352768202063
    64   649  106  29.722708670666  -95.352819856768
    65   649  107  29.722686127284  -95.352819330627
    66   817  107  29.722763208790  -95.348480328063
    67   650  107  29.722686586523  -95.352793503281
    68   816  107  29.722762750391  -95.348506155509
    69   818  107  29.722763667183  -95.348454500617
    70   819  107  29.722764125571  -95.348428673169
    71   651  107  29.722687045756  -95.352767675934
    72   650  108  29.722664043140  -95.352792977147
    73   651  108  29.722664502373  -95.352767149806
    74   819  108  29.722741582118  -95.348428148009
    75   817  108  29.722740665337  -95.348479802892
    76   816  108  29.722740206939  -95.348505630332
    77   818  108  29.722741123730  -95.348453975451
    78   649  108  29.722663583902  -95.352818804487
    79   816  109  29.722717663488  -95.348505105155
    80   817  109  29.722718121885  -95.348479277720
    81   819  109  29.722719038665  -95.348427622849
    82   818  109  29.722718580277  -95.348453450285
    83   463  183  29.720887330005  -95.357583140254
    84   462  183  29.720886869857  -95.357608967050
    85   464  183  29.720887790148  -95.357557313457
    86   462  184  29.720864326547  -95.357608439878
    87   463  184  29.720864786694  -95.357582613088
    88   464  184  29.720865246837  -95.357556786296
    89   464  185  29.720842703525  -95.357556259136
    90   462  185  29.720841783236  -95.357607912707
    91   463  185  29.720842243383  -95.357582085922
    92   356  189  29.720702806056  -95.360343437394
    93   355  189  29.720702345372  -95.360369264092
    94   355  190  29.720679802106  -95.360368736307
    95   356  190  29.720680262789  -95.360342909615
    96   355  191  29.720657258840  -95.360368208523
    97   356  191  29.720657719523  -95.360342381836
    98   248  204  29.720314874817  -95.363124791332
    99   247  204  29.720314413596  -95.363150617879
   100   247  205  29.720291870374  -95.363150089481
   101   248  205  29.720292331595  -95.363124262940
   102   356  205  29.720342113780  -95.360334992999
   103   355  205  29.720341653103  -95.360360819605
   104   356  206  29.720319570512  -95.360334465230
   105   247  206  29.720269327152  -95.363149561083
   106   248  206  29.720269788372  -95.363123734548
   107   355  206  29.720319109835  -95.360360291830
   108   355  207  29.720296566568  -95.360359764055
   109   356  207  29.720297027244  -95.360333937461
   110   248  207  29.720247245149  -95.363123206157
   111   247  207  29.720246783930  -95.363149032686
   112   334  215  29.720106545133  -95.360897899248
   113   335  215  29.720107005911  -95.360872072713
   114   333  215  29.720106084349  -95.360923725783
   115   333  216  29.720083541090  -95.360923197887
   116   335  216  29.720084462651  -95.360871544828
   117   334  216  29.720084001873  -95.360897371358
   118  1010  273  29.719109357880  -95.343408634065
   119  1009  273  29.719108900522  -95.343434460669
   120  1009  274  29.719086356975  -95.343433936703
   121  1010  274  29.719086814333  -95.343408110104
   122  1329  275  29.719209910947  -95.335168872609
   123  1328  275  29.719209455195  -95.335194699392
   124  1327  275  29.719208999437  -95.335220526174
   125  1326  275  29.719208543675  -95.335246352955
   126  1325  275  29.719208087908  -95.335272179736
   127  1325  276  29.719185544230  -95.335271657592
   128  1326  276  29.719185999997  -95.335245830817
   129  1327  276  29.719186455759  -95.335220004041
   130  1328  276  29.719186911516  -95.335194177265
   131  1329  276  29.719187367268  -95.335168350488
   132  1326  277  29.719163456319  -95.335245308678
   133  1327  277  29.719163912080  -95.335219481908
   134  1328  277  29.719164367837  -95.335193655138
   135  1329  277  29.719164823588  -95.335167828367
   136  1325  277  29.719163000552  -95.335271135448
   137  1325  278  29.719140456875  -95.335270613304
   138  1326  278  29.719140912641  -95.335244786541
   139  1327  278  29.719141368402  -95.335218959776
   140  1328  278  29.719141824158  -95.335193133012
   141  1329  278  29.719142279909  -95.335167306246
   142  1326  279  29.719118368962  -95.335244264403
   143  1327  279  29.719118824723  -95.335218437645
   144  1329  279  29.719119736229  -95.335166784126
   145  1328  279  29.719119280478  -95.335192610886
   146  1325  279  29.719117913197  -95.335270091161
   147    79  294  29.718207973085  -95.367441828631
   148    81  294  29.718208897137  -95.367390176776
   149    80  294  29.718208435114  -95.367416002704
   150    82  294  29.718209359155  -95.367364350848
   151    82  295  29.718186815994  -95.367363821553
   152    79  295  29.718185429926  -95.367441299319
   153    80  295  29.718185891954  -95.367415473397
   154    81  295  29.718186353977  -95.367389647475
   155    79  296  29.718162886767  -95.367440770007
   156    80  296  29.718163348794  -95.367414944092
   157    81  296  29.718163810816  -95.367389118175
   158    82  296  29.718164272834  -95.367363292259
   159    79  297  29.718140343607  -95.367440240696
   160    80  297  29.718140805634  -95.367414414787
   161    81  297  29.718141267656  -95.367388588876
   162    82  297  29.718141729673  -95.367362762965
   163   196  298  29.718171823415  -95.364418076531
   164   195  298  29.718171361972  -95.364443902504
   165   196  299  29.718149280206  -95.364417547895
   166   195  299  29.718148818764  -95.364443373863
   167   195  300  29.718126275555  -95.364442845222
   168   196  300  29.718126736997  -95.364417019260
   169  1197  303  29.718518486629  -95.338563362309
   170  1198  303  29.718518943029  -95.338537535765
   171  1199  303  29.718519399424  -95.338511709221
   172  1198  304  29.718496399402  -95.338537012905
   173  1199  304  29.718496855796  -95.338511186367
   174  1197  304  29.718495943002  -95.338562839443
   175  1197  305  29.718473399375  -95.338562316578
   176  1198  305  29.718473855774  -95.338536490046
   177  1199  305  29.718474312168  -95.338510663514
   178  1219  310  29.718370720806  -95.337991519055
   179  1217  310  29.718369808219  -95.338043172086
   180  1218  310  29.718370264515  -95.338017345570
   181  1219  311  29.718348177170  -95.337990996320
   182  1218  311  29.718347720879  -95.338016822830
   183  1217  311  29.718347264583  -95.338042649339
   184  1218  312  29.718325177242  -95.338016300090
   185  1217  312  29.718324720947  -95.338042126594
   186  1219  312  29.718325633533  -95.337990473586
   187   169  320  29.717663412324  -95.365103744346
   188   168  320  29.717662950754  -95.365129570177
   189   169  321  29.717640869125  -95.365103215568
   190   168  321  29.717640407555  -95.365129041393
