     1  1259   27  29.724768818793  -95.337106350479
     2  1260   27  29.724769274995  -95.337080522308
     3  1258   27  29.724768362585  -95.337132178649
     4  1259   28  29.724746275163  -95.337105827806
     5  1260   28  29.724746731365  -95.337079999641
     6  1258   28  29.724745818957  -95.337131655971
     7  1258   29  29.724723275328  -95.337131133294
     8  1259   29  29.724723731534  -95.337105305135
     9  1260   29  29.724724187736  -95.337079476976
    10  1259   30  29.724701187905  -95.337104782464
    11  1260   30  29.724701644106  -95.337078954310
    12  1258   30  29.724700731699  -95.337130610617
    13  1260   31  29.724679100476  -95.337078431646
    14  1259   31  29.724678644275  -95.337104259793
    15  1258   31  29.724678188070  -95.337130087941
    16  1278   66  29.723898283866  -95.336595235627
    17  1279   66  29.723898739956  -95.336569407669
    18  1280   66  29.723899196041  -95.336543579712
    19  1277   66  29.723897827770  -95.336621063583
    20  1277   67  29.723875284130  -95.336620541038
    21  1278   67  29.723875740225  -95.336594713087
    22  1279   67  29.723876196315  -95.336568885136
    23  1280   67  29.723876652400  -95.336543057183
    24  1278   68  29.723853196585  -95.336594190548
    25  1279   68  29.723853652674  -95.336568362602
    26  1280   68  29.723854108759  -95.336542534656
    27  1277   68  29.723852740490  -95.336620018493
    28  1277   69  29.723830196850  -95.336619495949
    29  1280   69  29.723831565117  -95.336542012129
    30  1279   69  29.723831109033  -95.336567840070
    31  1278   69  29.723830652944  -95.336593668010
    32  1277   70  29.723807653210  -95.336618973406
    33  1278   70  29.723808109303  -95.336593145472
    34  1279   70  29.723808565392  -95.336567317538
    35  1280   70  29.723809021476  -95.336541489603
    36  1278   71  29.723785565663  -95.336592622935
    37  1279   71  29.723786021751  -95.336566795006
    38  1280   71  29.723786477834  -95.336540967077
    39  1277   71  29.723785109569  -95.336618450863
    40  1278   72  29.723763022022  -95.336592100398
    41  1279   72  29.723763478110  -95.336566272476
    42  1280   72  29.723763934193  -95.336540444552
    43  1277   72  29.723762565929  -95.336617928321
    44  1268   73  29.723735917228  -95.336849857000
    45  1269   73  29.723736373366  -95.336824029089
    46  1270   73  29.723736829499  -95.336798201177
    47  1271   73  29.723737285627  -95.336772373265
    48  1269   74  29.723713829729  -95.336823506501
    49  1270   74  29.723714285861  -95.336797678595
    50  1271   74  29.723714741989  -95.336771850689
    51  1268   74  29.723713373592  -95.336849334407
    52  1268   75  29.723690829955  -95.336848811814
    53  1269   75  29.723691286092  -95.336822983915
    54  1270   75  29.723691742224  -95.336797156015
    55  1271   75  29.723692198351  -95.336771328114
    56  1270   76  29.723669198586  -95.336796633434
    57  1271   76  29.723669654712  -95.336770805539
    58  1268   76  29.723668286318  -95.336848289222
    59  1269   76  29.723668742454  -95.336822461329
    60  1271   77  29.723647111074  -95.336770282965
    61  1269   77  29.723646198817  -95.336821938743
    62  1270   77  29.723646654948  -95.336796110855
    63  1268   77  29.723645742680  -95.336847766631
    64  1294  136  29.722327525210  -95.336145418359
    65  1298  136  29.722329349104  -95.336042108102
    66  1297  136  29.722328893138  -95.336067935667
    67  1296  136  29.722328437167  -95.336093763232
    68  1295  136  29.722327981191  -95.336119590796
    69  1298  137  29.722306805449  -95.336041585719
    70  1296  137  29.722305893513  -95.336093240837
    71  1297  137  29.722306349484  -95.336067413278
    72  1294  137  29.722304981557  -95.336144895953
    73  1295  137  29.722305437538  -95.336119068396
    74  1295  138  29.722282893884  -95.336118545996
    75  1296  138  29.722283349859  -95.336092718444
    76  1297  138  29.722283805829  -95.336066890891
    77  1298  138  29.722284261794  -95.336041063337
    78  1294  138  29.722282437904  -95.336144373548
    79  1298  139  29.722261718140  -95.336040540955
    80  1297  139  29.722261262175  -95.336066368503
    81  1296  139  29.722260806205  -95.336092196051
    82  1295  139  29.722260350231  -95.336118023597
    83  1294  139  29.722259894251  -95.336143851143
    84  1298  140  29.722239174485  -95.336040018574
    85  1294  140  29.722237350598  -95.336143328739
    86  1295  140  29.722237806577  -95.336117501199
    87  1296  140  29.722238262551  -95.336091673658
    88  1297  140  29.722238718520  -95.336065846117
    89  1297  141  29.722216174866  -95.336065323730
    90  1296  141  29.722215718897  -95.336091151266
    91  1294  141  29.722214806944  -95.336142806336
    92  1295  141  29.722215262923  -95.336116978801
    93  1298  141  29.722216630830  -95.336039496194
    94  1311  189  29.721140462101  -95.335678668204
    95  1312  189  29.721140917975  -95.335652840936
    96  1310  189  29.721140006223  -95.335704495472
    97  1313  189  29.721141373843  -95.335627013667
    98  1311  190  29.721117918437  -95.335678145928
    99  1312  190  29.721118374310  -95.335652318665
   100  1313  190  29.721118830178  -95.335626491402
   101  1310  190  29.721117462559  -95.335703973189
   102  1312  191  29.721095830645  -95.335651796395
   103  1313  191  29.721096286512  -95.335625969138
   104  1310  191  29.721094918895  -95.335703450908
   105  1311  191  29.721095374772  -95.335677623652
   106  1311  192  29.721072831107  -95.335677101377
   107  1312  192  29.721073286980  -95.335651274126
   108  1310  192  29.721072375230  -95.335702928627
   109  1313  192  29.721073742847  -95.335625446875
   110  1788  267  29.719598920991  -95.323318472695
   111  1787  267  29.719598467545  -95.323344299796
   112  1790  267  29.719599827868  -95.323266818493
   113  1789  267  29.719599374432  -95.323292645594
   114  1787  268  29.719575923677  -95.323343780308
   115  1788  268  29.719576377122  -95.323317953214
   116  1789  268  29.719576830563  -95.323292126119
   117  1790  268  29.719577283999  -95.323266299023
   118  1787  269  29.719553379809  -95.323343260822
   119  1788  269  29.719553833254  -95.323317433733
   120  1790  269  29.719554740129  -95.323265779553
   121  1789  269  29.719554286694  -95.323291606643
   122  1788  270  29.719531289385  -95.323316914252
   123  1789  270  29.719531742825  -95.323291087169
   124  1790  270  29.719532196260  -95.323265260084
   125  1787  270  29.719530835941  -95.323342741335
   126  1834  295  29.718988545191  -95.322115887602
   127  1835  295  29.718988998389  -95.322090060635
   128  1836  295  29.718989451582  -95.322064233668
   129  1837  295  29.718989904770  -95.322038406700
   130  1833  295  29.718988091988  -95.322141714568
   131  1837  296  29.718967360879  -95.322037887517
   132  1834  296  29.718966001301  -95.322115368402
   133  1835  296  29.718966454498  -95.322089541441
   134  1836  296  29.718966907691  -95.322063714479
   135  1833  296  29.718965548098  -95.322141195362
   136  1835  297  29.718943910608  -95.322089022247
   137  1833  297  29.718943004209  -95.322140676157
   138  1834  297  29.718943457411  -95.322114849202
   139  1837  297  29.718944816987  -95.322037368335
   140  1836  297  29.718944363800  -95.322063195291
   141  1833  298  29.718920460319  -95.322140156952
   142  1834  298  29.718920913521  -95.322114330003
   143  1835  298  29.718921366718  -95.322088503054
   144  1836  298  29.718921819910  -95.322062676104
   145  1837  298  29.718922273096  -95.322036849153
   146  1837  299  29.718899729205  -95.322036329972
   147  1834  299  29.718898369631  -95.322113810805
   148  1835  299  29.718898822827  -95.322087983862
   149  1836  299  29.718899276019  -95.322062156917
   150  1833  299  29.718897916430  -95.322139637748
   151  1852  306  29.718748719111  -95.321645292083
   152  1849  306  29.718747359772  -95.321722772822
   153  1850  306  29.718747812890  -95.321696945910
   154  1851  306  29.718748266003  -95.321671118997
   155  1848  306  29.718746906649  -95.321748599733
   156  1849  307  29.718724815875  -95.321722253715
   157  1851  307  29.718725722106  -95.321670599901
   158  1852  307  29.718726175213  -95.321644772994
   159  1850  307  29.718725268993  -95.321696426808
   160  1848  307  29.718724362753  -95.321748080621
   161  1852  308  29.718703631315  -95.321644253904
   162  1849  308  29.718702271979  -95.321721734608
   163  1850  308  29.718702725096  -95.321695907707
   164  1851  308  29.718703178208  -95.321670080806
   165  1848  308  29.718701818856  -95.321747561508
   166  1852  309  29.718681087417  -95.321643734816
   167  1850  309  29.718680181198  -95.321695388607
   168  1849  309  29.718679728081  -95.321721215502
   169  1848  309  29.718679274960  -95.321747042397
   170  1851  309  29.718680634310  -95.321669561712
   171  1849  310  29.718657184184  -95.321720696397
   172  1848  310  29.718656731063  -95.321746523285
   173  1852  310  29.718658543518  -95.321643215728
   174  1850  310  29.718657637301  -95.321694869508
   175  1851  310  29.718658090412  -95.321669042618
   176  1879  325  29.718332616834  -95.320938105549
   177  1880  325  29.718333069793  -95.320912278729
   178  1881  325  29.718333522747  -95.320886451908
   179  1878  325  29.718332163869  -95.320963932369
   180  1878  326  29.718309619959  -95.320963413440
   181  1879  326  29.718310072923  -95.320937586626
   182  1880  326  29.718310525882  -95.320911759812
   183  1881  326  29.718310978835  -95.320885932996
   184  1879  327  29.718287529012  -95.320937067704
   185  1880  327  29.718287981970  -95.320911240895
   186  1881  327  29.718288434924  -95.320885414086
   187  1878  327  29.718287076048  -95.320962894512
   188  1879  328  29.718264985101  -95.320936548782
   189  1880  328  29.718265438059  -95.320910721979
   190  1881  328  29.718265891012  -95.320884895175
   191  1878  328  29.718264532138  -95.320962375585
