     1   521   27  29.724430769210  -95.356167378163
     2   522   27  29.724431229126  -95.356141550433
     3   520   27  29.724430309288  -95.356193205894
     4   520   28  29.724407765967  -95.356192678962
     5   521   28  29.724408225888  -95.356166851238
     6   522   28  29.724408685804  -95.356141023513
     7   521   29  29.724385682566  -95.356166324313
     8   522   29  29.724386142481  -95.356140496594
     9   520   29  29.724385222646  -95.356192152032
    10   758   67  29.723637891715  -95.350025167323
    11   759   67  29.723638350422  -95.349999339681
    12   757   67  29.723637433003  -95.350050994964
    13   759   68  29.723615806997  -95.349998814151
    14   758   68  29.723615348291  -95.350024641787
    15   537   68  29.723513850725  -95.355732534727
    16   538   68  29.723514310544  -95.355706707223
    17   744   68  29.723608925873  -95.350386228631
    18   745   68  29.723609384649  -95.350360401003
    19   539   68  29.723514770357  -95.355680879719
    20   746   68  29.723609843421  -95.350334573375
    21   757   68  29.723614889580  -95.350050469423
    22   538   69  29.723491767211  -95.355706180420
    23   539   69  29.723492227024  -95.355680352921
    24   758   69  29.723592804867  -95.350024116252
    25   757   69  29.723592346156  -95.350049943882
    26   759   69  29.723593263573  -95.349998288622
    27   746   69  29.723587300002  -95.350334047771
    28   744   69  29.723586382454  -95.350385703015
    29   537   69  29.723491307393  -95.355732007919
    30   745   69  29.723586841231  -95.350359875393
    31   539   70  29.723469683691  -95.355679826125
    32   744   70  29.723563839035  -95.350385177400
    33   745   70  29.723564297812  -95.350359349784
    34   746   70  29.723564756583  -95.350333522167
    35   538   70  29.723469223879  -95.355705653618
    36   537   70  29.723468764061  -95.355731481111
    37  1252   82  29.723525725663  -95.337258399350
    38  1253   82  29.723526181877  -95.337232571500
    39  1254   82  29.723526638087  -95.337206743650
    40  1251   82  29.723525269443  -95.337284227199
    41  1251   83  29.723502725812  -95.337283704513
    42  1252   83  29.723503182032  -95.337257876670
    43  1253   83  29.723503638246  -95.337232048826
    44  1254   83  29.723504094455  -95.337206220982
    45  1251   84  29.723480182182  -95.337283181828
    46  1252   84  29.723480638401  -95.337257353991
    47  1253   84  29.723481094614  -95.337231526153
    48  1254   84  29.723481550823  -95.337205698314
    49  1252   85  29.723458094769  -95.337256831312
    50  1253   85  29.723458550983  -95.337231003480
    51  1254   85  29.723459007191  -95.337205175647
    52  1251   85  29.723457638551  -95.337282659144
    53   742   86  29.723202226773  -95.350428422685
    54   744   86  29.723203144327  -95.350376767638
    55   743   86  29.723202685552  -95.350402595162
    56   743   87  29.723180142133  -95.350402069551
    57   744   87  29.723180600907  -95.350376242033
    58   742   87  29.723179683354  -95.350427897068
    59   744   88  29.723158057487  -95.350375716429
    60   742   88  29.723157139935  -95.350427371452
    61   743   88  29.723157598713  -95.350401543941
    62   240  144  29.721663777910  -95.363363111100
    63   239  144  29.721663316624  -95.363388937987
    64   241  144  29.721664239191  -95.363337284212
    65   241  145  29.721641695977  -95.363336755743
    66   240  145  29.721641234696  -95.363362582625
    67   239  145  29.721640773410  -95.363388409507
    68   240  146  29.721618691482  -95.363362054151
    69   239  146  29.721618230196  -95.363387881027
    70   241  146  29.721619152762  -95.363336227275
    71   850  157  29.721651159707  -95.347601773656
    72   851  157  29.721651617913  -95.347575946478
    73   851  158  29.721629074442  -95.347575421532
    74   850  158  29.721628616236  -95.347601248704
    75   838  176  29.721217334983  -95.347901724451
    76   837  176  29.721216876719  -95.347927551512
    77   839  176  29.721217793242  -95.347875897390
    78   838  177  29.721194791516  -95.347901199442
    79   837  177  29.721194333253  -95.347927026497
    80   839  177  29.721195249775  -95.347875372386
    81   838  178  29.721172248049  -95.347900674432
    82   837  178  29.721171789786  -95.347926501482
    83   839  178  29.721172706307  -95.347874847382
    84   729  190  29.720851746695  -95.350709511713
    85   730  190  29.720852205496  -95.350683684797
    86   728  190  29.720851287888  -95.350735338628
    87   729  191  29.720829203272  -95.350708986083
    88   730  191  29.720829662073  -95.350683159173
    89   728  191  29.720828744466  -95.350734812993
    90   728  192  29.720806201044  -95.350734287358
    91   729  192  29.720806659849  -95.350708460454
    92   730  192  29.720807118650  -95.350682633550
    93  1260  220  29.720418352899  -95.336979658688
    94  1262  220  29.720419265129  -95.336928004569
    95  1261  220  29.720418809016  -95.336953831629
    96  1259  220  29.720417896777  -95.337005485747
    97  1259  221  29.720395353131  -95.337004963189
    98  1260  221  29.720395809253  -95.336979136136
    99  1261  221  29.720396265370  -95.336953309083
   100  1262  221  29.720396721482  -95.336927482029
   101  1236  222  29.720362317305  -95.337598462551
   102  1238  222  29.720363229774  -95.337546808483
   103  1237  222  29.720362773542  -95.337572635517
   104  1259  222  29.720372809486  -95.337004440632
   105  1260  222  29.720373265607  -95.336978613585
   106  1261  222  29.720373721723  -95.336952786537
   107  1262  222  29.720374177835  -95.336926959489
   108  1238  223  29.720340686137  -95.337546285806
   109  1237  223  29.720340229906  -95.337572112834
   110  1236  223  29.720339773669  -95.337597939862
   111   685  224  29.720065078656  -95.351828015735
   112   686  224  29.720065537664  -95.351802189042
   113  1236  224  29.720317230032  -95.337597417173
   114  1237  224  29.720317686269  -95.337571590152
   115  1238  224  29.720318142500  -95.337545763129
   116   687  224  29.720065996668  -95.351776362347
   117   685  225  29.720042535249  -95.351827489873
   118   686  225  29.720042994257  -95.351801663185
   119   687  225  29.720043453260  -95.351775836496
   120   687  226  29.720020909852  -95.351775310646
   121   685  226  29.720019991841  -95.351826964011
   122   686  226  29.720020450849  -95.351801137329
   123  1271  244  29.719882322273  -95.336683021445
   124  1272  244  29.719882778325  -95.336657194518
   125  1273  244  29.719883234372  -95.336631367590
   126  1272  245  29.719860234672  -95.336656672050
   127  1271  245  29.719859778620  -95.336682498971
   128  1273  245  29.719860690718  -95.336630845127
   129  1271  246  29.719837234968  -95.336681976498
   130  1272  246  29.719837691019  -95.336656149582
   131  1273  246  29.719838147065  -95.336630322665
   132  1260  250  29.719742043480  -95.336963982391
   133  1259  250  29.719741587371  -95.336989809277
   134  1257  250  29.719740675136  -95.337041463047
   135  1258  250  29.719741131256  -95.337015636162
   136  1259  251  29.719719043722  -95.336989286737
   137  1257  251  29.719718131489  -95.337040940495
   138  1258  251  29.719718587608  -95.337015113617
   139  1260  251  29.719719499832  -95.336963459857
   140  1258  252  29.719696043960  -95.337014591072
   141  1257  252  29.719695587841  -95.337040417945
   142  1259  252  29.719696500074  -95.336988764198
   143  1260  252  29.719696956183  -95.336962937324
   144  1259  253  29.719673956426  -95.336988241659
   145  1258  253  29.719673500312  -95.337014068527
   146  1257  253  29.719673044193  -95.337039895395
   147  1260  253  29.719674412534  -95.336962414791
   148   406  261  29.719102716903  -95.359014123913
   149   408  261  29.719103637692  -95.358962471285
   150   407  261  29.719103177300  -95.358988297599
   151   407  262  29.719080634006  -95.358987770157
   152   408  262  29.719081094398  -95.358961943849
   153   406  262  29.719080173610  -95.359013596465
   154   406  263  29.719057630316  -95.359013069018
   155   408  263  29.719058551103  -95.358961416413
   156   407  263  29.719058090712  -95.358987242716
   157   689  266  29.719120091416  -95.351702624211
   158   690  266  29.719120550387  -95.351676797757
   159   691  266  29.719121009353  -95.351650971302
   160   692  266  29.719121468314  -95.351625144847
   161   690  267  29.719098006974  -95.351676271948
   162   691  267  29.719098465939  -95.351650445499
   163   692  267  29.719098924900  -95.351624619050
   164   689  267  29.719097548003  -95.351702098396
   165   690  268  29.719075463561  -95.351675746140
   166   691  268  29.719075922526  -95.351649919697
   167   692  268  29.719076381486  -95.351624093253
   168   689  268  29.719075004591  -95.351701572582
   169   689  269  29.719052461178  -95.351701046769
   170   690  269  29.719052920148  -95.351675220332
   171   691  269  29.719053379113  -95.351649393895
   172   692  269  29.719053838072  -95.351623567457
   173  1000  280  29.718946979272  -95.343663231967
   174  1001  280  29.718947436673  -95.343637405408
   175  1000  281  29.718924435729  -95.343662707953
   176  1001  281  29.718924893129  -95.343636881400
   177  1147  305  29.718450573015  -95.339853642421
   178  1150  305  29.718451942952  -95.339776162913
   179  1149  305  29.718451486311  -95.339801989416
   180  1148  305  29.718451029666  -95.339827815919
   181  1148  306  29.718428486059  -95.339827292772
   182  1147  306  29.718428029409  -95.339853119269
   183  1150  306  29.718429399344  -95.339775639777
   184  1149  306  29.718428942704  -95.339801466275
   185  1147  307  29.718405485802  -95.339852596117
   186  1148  307  29.718405942452  -95.339826769626
   187  1149  307  29.718406399097  -95.339800943135
   188  1150  307  29.718406855736  -95.339775116643
   189  1148  308  29.718383398845  -95.339826246481
   190  1147  308  29.718382942196  -95.339852072966
   191  1149  308  29.718383855489  -95.339800419995
   192  1150  308  29.718384312128  -95.339774593509
