     1  1206   98  29.723144036547  -95.338438112744
     2  1205   98  29.723143580102  -95.338463940474
     3  1204   99  29.723120580040  -95.338489245256
     4  1205   99  29.723121036489  -95.338463417533
     5  1206   99  29.723121492934  -95.338437589809
     6  1207   99  29.723121949373  -95.338411762085
     7  1205  100  29.723098492876  -95.338462894592
     8  1206  100  29.723098949320  -95.338437066874
     9  1204  100  29.723098036428  -95.338488722310
    10  1204  101  29.723075492815  -95.338488199364
    11  1205  101  29.723075949263  -95.338462371652
    12  1206  101  29.723076405707  -95.338436543940
    13  1204  102  29.723052949202  -95.338487676418
    14  1205  102  29.723053405650  -95.338461848713
    15  1206  102  29.723053862093  -95.338436021006
    16  1203  102  29.723052492749  -95.338513504124
    17  1204  103  29.723030405590  -95.338487153474
    18  1205  103  29.723030862037  -95.338461325774
    19  1174  221  29.720356564388  -95.339200260509
    20  1175  221  29.720357020937  -95.339174433506
    21  1175  222  29.720334477326  -95.339173910465
    22  1177  222  29.720335390409  -95.339122256470
    23  1174  222  29.720334020777  -95.339199737462
    24  1173  222  29.720333564223  -95.339225564458
    25  1176  222  29.720334933870  -95.339148083468
    26  1173  223  29.720311020613  -95.339225041406
    27  1174  223  29.720311477167  -95.339199214416
    28  1175  223  29.720311933715  -95.339173387425
    29  1176  223  29.720312390259  -95.339147560434
    30  1175  224  29.720289390104  -95.339172864385
    31  1173  224  29.720288477003  -95.339224518355
    32  1174  224  29.720288933556  -95.339198691370
    33  1176  224  29.720289846648  -95.339147037399
    34  1175  225  29.720266846493  -95.339172341346
    35  1174  225  29.720266389945  -95.339198168325
    36  1173  225  29.720265933393  -95.339223995304
    37  1176  225  29.720267303036  -95.339146514366
    38  1172  225  29.720265476835  -95.339249822282
    39  1175  226  29.720244302882  -95.339171818307
    40  1173  226  29.720243389782  -95.339223472254
    41  1172  226  29.720242933225  -95.339249299226
    42  1174  226  29.720243846335  -95.339197645281
    43  1175  227  29.720221759271  -95.339171295269
    44  1174  227  29.720221302724  -95.339197122237
    45  1173  227  29.720220846172  -95.339222949204
    46  1172  227  29.720220389615  -95.339248776171
    47  1171  228  29.720197389443  -95.339274080076
    48  1172  228  29.720197846004  -95.339248253116
    49  1175  228  29.720199215659  -95.339170772232
    50  1173  228  29.720198302561  -95.339222426155
    51  1174  228  29.720198759113  -95.339196599194
    52  1174  229  29.720176215502  -95.339196076151
    53  1173  229  29.720175758950  -95.339221903107
    54  1162  239  29.719945300490  -95.339500768495
    55  1161  239  29.719944843882  -95.339526595386
    56  1160  240  29.719921843664  -95.339551899159
    57  1163  240  29.719923213485  -95.339474418504
    58  1162  240  29.719922756883  -95.339500245389
    59  1161  240  29.719922300276  -95.339526072275
    60  1160  241  29.719899300057  -95.339551376043
    61  1161  241  29.719899756669  -95.339525549164
    62  1154  241  29.719896560282  -95.339706337303
    63  1163  241  29.719900669877  -95.339473895405
    64  1152  241  29.719895646983  -95.339757991052
    65  1153  241  29.719896103635  -95.339732164178
    66  1155  241  29.719897016924  -95.339680510428
    67  1162  241  29.719900213276  -95.339499722285
    68  1155  242  29.719874473319  -95.339679987284
    69  1161  242  29.719877213062  -95.339525026054
    70  1162  242  29.719877669668  -95.339499199181
    71  1152  242  29.719873103380  -95.339757467890
    72  1154  242  29.719874016678  -95.339705814153
    73  1153  242  29.719873560032  -95.339731641022
    74  1160  242  29.719876756451  -95.339550852927
    75  1161  243  29.719854669455  -95.339524502945
    76  1151  243  29.719850103121  -95.339782771591
    77  1153  243  29.719851016428  -95.339731117867
    78  1152  243  29.719850559777  -95.339756944729
    79  1162  243  29.719855126061  -95.339498676077
    80  1154  243  29.719851473074  -95.339705291003
    81  1151  244  29.719827559518  -95.339782248425
    82  1154  244  29.719828929470  -95.339704767854
    83  1152  244  29.719828016174  -95.339756421569
    84  1153  244  29.719828472824  -95.339730594712
    85  1151  245  29.719805015915  -95.339781725259
    86  1152  245  29.719805472570  -95.339755898409
    87  1153  245  29.719805929221  -95.339730071558
    88  1151  246  29.719782472312  -95.339781202094
    89  1152  246  29.719782928967  -95.339755375249
    90  1153  246  29.719783385617  -95.339729548404
    91  1151  247  29.719759928709  -95.339780678930
    92  1153  247  29.719760842013  -95.339729025251
    93  1150  247  29.719759472050  -95.339806505768
    94  1168  247  29.719767691150  -95.339341622588
    95  1167  247  29.719767234576  -95.339367449437
    96  1166  247  29.719766777997  -95.339393276284
    97  1152  247  29.719760385364  -95.339754852091
    98  1152  248  29.719737841760  -95.339754328933
    99  1166  248  29.719744234388  -95.339392753207
   100  1151  248  29.719737385106  -95.339780155766
   101  1150  248  29.719736928447  -95.339805982598
   102  1165  248  29.719743777804  -95.339418580048
   103  1167  248  29.719744690966  -95.339366926365
   104  1168  248  29.719745147540  -95.339341099522
   105  1167  249  29.719722147357  -95.339366403294
   106  1151  249  29.719714841503  -95.339779632602
   107  1166  249  29.719721690778  -95.339392230130
   108  1165  249  29.719721234195  -95.339418056966
   109  1152  249  29.719715298156  -95.339753805775
   110  1166  250  29.719699147169  -95.339391707054
   111  1165  250  29.719698690586  -95.339417533884
   112  1167  250  29.719699603747  -95.339365880223
   113  1166  251  29.719676603559  -95.339391183978
   114  1167  251  29.719677060137  -95.339365357153
   115  1172  251  29.719679342948  -95.339236223021
   116  1164  251  29.719675690390  -95.339442837626
   117  1165  251  29.719676146977  -95.339417010802
   118  1171  251  29.719678886395  -95.339262049849
   119  1170  252  29.719655886227  -95.339287353624
   120  1164  252  29.719653146781  -95.339442314539
   121  1165  252  29.719653603368  -95.339416487721
   122  1166  252  29.719654059950  -95.339390660903
   123  1172  252  29.719656799335  -95.339235699980
   124  1173  252  29.719657255882  -95.339209873158
   125  1174  252  29.719657712424  -95.339184046335
   126  1171  252  29.719656342784  -95.339261526802
   127  1173  253  29.719634712269  -95.339209350124
   128  1172  253  29.719634255723  -95.339235176941
   129  1171  253  29.719633799172  -95.339261003757
   130  1170  253  29.719633342615  -95.339286830572
   131  1174  253  29.719635168811  -95.339183523306
   132  1164  253  29.719630603172  -95.339441791453
   133  1165  253  29.719631059758  -95.339415964641
   134  1166  253  29.719631516340  -95.339390137829
   135  1165  254  29.719608516149  -95.339415441562
   136  1164  254  29.719608059563  -95.339441268368
   137  1163  254  29.719607602972  -95.339467095174
   138  1166  254  29.719608972730  -95.339389614755
   139  1172  254  29.719611712111  -95.339234653901
   140  1171  254  29.719611255560  -95.339260480712
   141  1170  254  29.719610799004  -95.339286307521
   142  1173  254  29.719612168657  -95.339208827090
   143  1164  255  29.719585515954  -95.339440745283
   144  1163  255  29.719585059363  -95.339466572083
   145  1173  255  29.719589625044  -95.339208304057
   146  1172  255  29.719589168498  -95.339234130863
   147  1171  255  29.719588711948  -95.339259957667
   148  1170  255  29.719588255392  -95.339285784471
   149  1169  255  29.719587798832  -95.339311611275
   150  1165  255  29.719585972539  -95.339414918483
   151  1170  256  29.719565711781  -95.339285261422
   152  1171  256  29.719566168336  -95.339259434623
   153  1172  256  29.719566624886  -95.339233607824
   154  1164  256  29.719562972344  -95.339440222199
   155  1165  256  29.719563428930  -95.339414395404
   156  1169  256  29.719565255221  -95.339311088219
   157  1171  257  29.719543624724  -95.339258911580
   158  1172  257  29.719544081273  -95.339233084787
   159  1261  278  29.719111277380  -95.336923524938
   160  1260  278  29.719110821287  -95.336949351663
   161  1258  279  29.719087365435  -95.337000482582
   162  1259  279  29.719087821538  -95.336974655864
   163  1261  279  29.719088733728  -95.336923002426
   164  1260  279  29.719088277636  -95.336948829146
   165  1260  280  29.719065733985  -95.336948306629
   166  1261  280  29.719066190077  -95.336922479915
   167  1259  280  29.719065277887  -95.336974133342
   168  1258  280  29.719064821785  -95.336999960054
   169  1259  281  29.719042734237  -95.336973610820
   170  1260  281  29.719043190333  -95.336947784113
   171  1261  281  29.719043646425  -95.336921957405
   172  1258  281  29.719042278135  -95.336999437526
   173  1260  282  29.719020646682  -95.336947261597
   174  1261  282  29.719021102774  -95.336921434895
   175  1262  282  29.719021558860  -95.336895608193
   176  1259  282  29.719020190586  -95.336973088298
   177  1259  283  29.718997646935  -95.336972565778
   178  1260  283  29.718998103031  -95.336946739082
   179  1261  283  29.718998559122  -95.336920912386
   180  1262  283  29.718999015208  -95.336895085689
   181  1260  284  29.718975559379  -95.336946216568
   182  1261  284  29.718976015470  -95.336920389877
   183  1262  284  29.718976471556  -95.336894563186
   184  1259  284  29.718975103284  -95.336972043257
