     1  1702    7  29.725421299917  -95.325674815271
     2  1700    7  29.725420391940  -95.325726472366
     3  1701    7  29.725420845931  -95.325700643819
     4  1701    8  29.725398302121  -95.325700123682
     5  1700    8  29.725397848130  -95.325725952224
     6  1702    8  29.725398756106  -95.325674295140
     7  1701    9  29.725375758310  -95.325699603546
     8  1702    9  29.725376212295  -95.325673775010
     9  1700    9  29.725375304320  -95.325725432082
    10  1299   39  29.724516539203  -95.336066953922
    11  1298   39  29.724516083202  -95.336092782047
    12  1297   40  29.724493083550  -95.336118087725
    13  1299   40  29.724493995556  -95.336066431488
    14  1300   40  29.724494451551  -95.336040603368
    15  1298   40  29.724493539555  -95.336092259607
    16  1297   41  29.724470539903  -95.336117565280
    17  1298   41  29.724470995909  -95.336091737167
    18  1299   41  29.724471451909  -95.336065909054
    19  1300   41  29.724471907904  -95.336040080940
    20  1300   42  29.724449364257  -95.336039558513
    21  1299   42  29.724448908262  -95.336065386621
    22  1298   42  29.724448452262  -95.336091214728
    23  1300   43  29.724426820609  -95.336039036086
    24  1301   43  29.724427276598  -95.336013207983
    25  1298   43  29.724425908615  -95.336090692290
    26  1299   43  29.724426364615  -95.336064864188
    27  1298   44  29.724403364969  -95.336090169852
    28  1299   44  29.724403820968  -95.336064341756
    29  1301   44  29.724404732950  -95.336012685562
    30  1300   44  29.724404276962  -95.336038513659
    31  1298   45  29.724380821322  -95.336089647414
    32  1299   45  29.724381277320  -95.336063819324
    33  1300   45  29.724381733314  -95.336037991233
    34  1301   45  29.724382189302  -95.336012163142
    35  1300   46  29.724359189666  -95.336037468808
    36  1301   46  29.724359645654  -95.336011640723
    37  1302   46  29.724360101637  -95.335985812636
    38  1299   46  29.724358733673  -95.336063296893
    39  1300   47  29.724336646018  -95.336036946384
    40  1299   47  29.724336190026  -95.336062774463
    41  1345  180  29.721358852079  -95.334805239507
    42  1346  180  29.721359307785  -95.334779412167
    43  1344  180  29.721358396368  -95.334831066846
    44  1346  181  29.721336764106  -95.334778890087
    45  1345  181  29.721336308401  -95.334804717421
    46  1344  181  29.721335852690  -95.334830544755
    47  1346  182  29.721314220428  -95.334778368007
    48  1347  182  29.721314676128  -95.334752540678
    49  1345  182  29.721313764723  -95.334804195336
    50  1346  183  29.721291676750  -95.334777845929
    51  1347  183  29.721292132449  -95.334752018605
    52  1345  183  29.721291221045  -95.334803673251
    53  1346  184  29.721269133071  -95.334777323850
    54  1347  184  29.721269588770  -95.334751496533
    55  1345  184  29.721268677367  -95.334803151167
    56  1345  185  29.721246133688  -95.334802629084
    57  1346  185  29.721246589392  -95.334776801773
    58  1347  185  29.721247045091  -95.334750974461
    59  1348  185  29.721247500785  -95.334725147148
    60  1347  186  29.721224501412  -95.334750452389
    61  1346  186  29.721224045714  -95.334776279696
    62  1348  186  29.721224957106  -95.334724625083
    63  1346  187  29.721201502035  -95.334775757619
    64  1347  187  29.721201957733  -95.334749930319
    65  1357  229  29.720259679659  -95.334469733269
    66  1356  229  29.720259224028  -95.334495560333
    67  1354  230  29.720235769067  -95.334546692455
    68  1357  230  29.720237135972  -95.334469211282
    69  1355  230  29.720236224707  -95.334520865398
    70  1356  230  29.720236680342  -95.334495038340
    71  1354  231  29.720213225381  -95.334546170451
    72  1355  231  29.720213681020  -95.334520343399
    73  1356  231  29.720214136655  -95.334494516347
    74  1357  231  29.720214592285  -95.334468689295
    75  1358  231  29.720215047909  -95.334442862241
    76  1356  232  29.720191592968  -95.334493994355
    77  1355  232  29.720191137334  -95.334519821402
    78  1357  232  29.720192048597  -95.334468167308
    79  1358  232  29.720192504221  -95.334442340261
    80  1355  233  29.720168593647  -95.334519299404
    81  1357  233  29.720169504910  -95.334467645322
    82  1356  233  29.720169049281  -95.334493472364
    83  1358  233  29.720169960534  -95.334441818281
    84  1357  234  29.720146961223  -95.334467123337
    85  1355  234  29.720146049961  -95.334518777408
    86  1358  234  29.720147416846  -95.334441296301
    87  1356  234  29.720146505594  -95.334492950373
    88  1356  235  29.720123961907  -95.334492428382
    89  1357  235  29.720124417535  -95.334466601353
    90  1358  235  29.720124873158  -95.334440774322
    91  1355  235  29.720123506274  -95.334518255411
    92  1356  236  29.720101418220  -95.334491906393
    93  1355  236  29.720100962588  -95.334517733416
    94  1357  236  29.720101873848  -95.334466079369
    95  1358  236  29.720102329470  -95.334440252344
    96  1359  236  29.720102785088  -95.334414425319
    97  1357  237  29.720079330160  -95.334465557385
    98  1358  237  29.720079785782  -95.334439730366
    99  1359  237  29.720080241399  -95.334413903347
   100  1356  237  29.720078874533  -95.334491384403
   101  1357  238  29.720056786472  -95.334465035402
   102  1358  238  29.720057242094  -95.334439208389
   103  1359  238  29.720057697711  -95.334413381376
   104  1356  238  29.720056330846  -95.334490862415
   105  1356  239  29.720033787158  -95.334490340427
   106  1357  239  29.720034242784  -95.334464513420
   107  1358  239  29.720034698406  -95.334438686413
   108  1359  239  29.720035154022  -95.334412859405
   109  1356  240  29.720011243471  -95.334489818439
   110  1360  240  29.720013065944  -95.334386510432
   111  1357  240  29.720011699097  -95.334463991438
   112  1358  240  29.720012154717  -95.334438164437
   113  1359  240  29.720012610333  -95.334412337435
   114  1358  241  29.719989611029  -95.334437642462
   115  1357  241  29.719989155409  -95.334463469457
   116  1360  241  29.719990522255  -95.334385988468
   117  1359  241  29.719990066644  -95.334411815465
   118  1357  242  29.719966611721  -95.334462947477
   119  1358  242  29.719967067341  -95.334437120487
   120  1445  285  29.719037306784  -95.332167747294
   121  1446  286  29.719015218215  -95.332141399059
   122  1445  286  29.719014763056  -95.332167225847
   123  1444  286  29.719014307892  -95.332193052635
   124  1443  287  29.718991308995  -95.332218357964
   125  1444  287  29.718991764164  -95.332192531183
   126  1446  287  29.718992674486  -95.332140877618
   127  1445  287  29.718992219328  -95.332166704400
   128  1442  288  29.718968310095  -95.332243663282
   129  1443  288  29.718968765268  -95.332217836507
   130  1444  288  29.718969220436  -95.332192009731
   131  1445  288  29.718969675599  -95.332166182954
   132  1443  289  29.718946221540  -95.332217315050
   133  1444  289  29.718946676708  -95.332191488279
   134  1442  289  29.718945766367  -95.332243141819
   135  1443  290  29.718923677812  -95.332216793593
   136  1375  294  29.718802539826  -95.333970924794
   137  1374  294  29.718802084313  -95.333996751494
   138  1373  294  29.718801628795  -95.334022578194
   139  1374  295  29.718779540614  -95.333996229643
   140  1375  295  29.718779996126  -95.333970402948
   141  1371  295  29.718778174046  -95.334073709724
   142  1373  295  29.718779085096  -95.334022056337
   143  1372  295  29.718778629574  -95.334047883031
   144  1371  296  29.718755630347  -95.334073187856
   145  1372  296  29.718756085875  -95.334047361169
   146  1373  296  29.718756541397  -95.334021534481
   147  1374  296  29.718756996914  -95.333995707793
   148  1375  296  29.718757452426  -95.333969881104
   149  1373  297  29.718733997697  -95.334021012625
   150  1372  297  29.718733542176  -95.334046839307
   151  1374  297  29.718734453214  -95.333995185943
   152  1375  297  29.718734908726  -95.333969359260
   153  1376  297  29.718735364232  -95.333943532576
   154  1372  298  29.718710998477  -95.334046317446
   155  1373  298  29.718711453998  -95.334020490770
   156  1374  298  29.718711909514  -95.333994664093
   157  1375  298  29.718712365026  -95.333968837416
   158  1376  298  29.718712820532  -95.333943010738
   159  1375  299  29.718689821325  -95.333968315573
   160  1374  299  29.718689365814  -95.333994142245
   161  1373  299  29.718688910298  -95.334019968916
   162  1376  299  29.718690276831  -95.333942488901
   163  1376  300  29.718667733130  -95.333941967064
   164  1374  300  29.718666822114  -95.333993620397
   165  1375  300  29.718667277625  -95.333967793731
   166  1373  300  29.718666366599  -95.334019447062
   167  1374  301  29.718644278414  -95.333993098549
   168  1375  301  29.718644733924  -95.333967271889
   169  1376  301  29.718645189429  -95.333941445228
   170  1373  301  29.718643822899  -95.334018925209
   171  1377  301  29.718645644929  -95.333915618567
   172  1375  302  29.718622190223  -95.333966750048
   173  1377  302  29.718623101228  -95.333915096737
   174  1376  302  29.718622645728  -95.333940923393
   175  1374  302  29.718621734714  -95.333992576702
   176  1374  303  29.718599191014  -95.333992054856
   177  1375  303  29.718599646523  -95.333966228207
   178  1424  314  29.718373979373  -95.332694984599
   179  1423  314  29.718373524115  -95.332720811213
   180  1423  315  29.718350980393  -95.332720289656
   181  1424  315  29.718351435651  -95.332694463048

