     1    94   40  29.723940864296  -95.367188882444
     2    95   40  29.723941326356  -95.367163055044
     3   323   40  29.724046544549  -95.361274392238
     4   324   40  29.724047005457  -95.361248564700
     5   325   40  29.724047466359  -95.361222737163
     6   326   40  29.724047927256  -95.361196909624
     7   327   40  29.724048388148  -95.361171082085
     8   327   41  29.724025844906  -95.361170554049
     9   326   41  29.724025384014  -95.361196381583
    10   325   41  29.724024923118  -95.361222209115
    11   324   41  29.724024462216  -95.361248036647
    12   323   41  29.724024001309  -95.361273864179
    13    40   41  29.723893362491  -95.368583031442
    14    39   41  29.723892900155  -95.368608858802
    15   119   41  29.723929871119  -95.366542668038
    16   120   41  29.723930333052  -95.366516840629
    17   121   41  29.723930794981  -95.366491013220
    18    95   41  29.723918783211  -95.367162525672
    19    94   41  29.723918321152  -95.367188353066
    20    41   41  29.723893824821  -95.368557204080
    21   121   42  29.723908251825  -95.366490483997
    22   120   42  29.723907789897  -95.366516311401
    23   119   42  29.723907327965  -95.366542138804
    24   327   42  29.724003301664  -95.361170026014
    25   326   42  29.724002840773  -95.361195853542
    26   325   42  29.724002379877  -95.361221681069
    27   324   42  29.724001918975  -95.361247508595
    28   323   42  29.724001458069  -95.361273336121
    29    41   42  29.723871281700  -95.368556674397
    30    39   42  29.723870357034  -95.368608329108
    31    40   42  29.723870819369  -95.368582501753
    32   119   43  29.723884784810  -95.366541609571
    33    39   43  29.723847813913  -95.368607799414
    34    40   43  29.723848276248  -95.368581972064
    35    41   43  29.723848738578  -95.368556144715
    36   120   43  29.723885246742  -95.366515782174
    37   121   43  29.723885708670  -95.366489954776
    38    90   58  29.723533239434  -95.367282662903
    39    88   58  29.723532315274  -95.367334317488
    40    89   58  29.723532777356  -95.367308490196
    41    90   59  29.723510696290  -95.367282133512
    42   125   59  29.723526865802  -95.366378178083
    43   126   59  29.723527327698  -95.366352350774
    44   127   59  29.723527789588  -95.366326523465
    45    89   59  29.723510234213  -95.367307960799
    46    88   59  29.723509772131  -95.367333788086
    47   124   59  29.723526403902  -95.366404005391
    48   126   60  29.723504784539  -95.366351821592
    49    90   60  29.723488153146  -95.367281604122
    50   124   60  29.723503860744  -95.366403476197
    51    88   60  29.723487228988  -95.367333258684
    52   125   60  29.723504322644  -95.366377648895
    53   127   60  29.723505246429  -95.366325994288
    54    89   60  29.723487691070  -95.367307431404
    55   126   61  29.723482241380  -95.366351292410
    56   127   61  29.723482703269  -95.366325465112
    57   124   61  29.723481317585  -95.366402947004
    58   125   61  29.723481779485  -95.366377119707
    59  1870   70  29.724077233520  -95.321302904755
    60  1869   70  29.724076780405  -95.321328733039
    61  1870   71  29.724054689634  -95.321302385630
    62  1869   71  29.724054236520  -95.321328213908
    63  1841   82  29.723793564665  -95.322045693281
    64  1842   82  29.723794017916  -95.322019865083
    65  1843   82  29.723794471161  -95.321994036884
    66  1842   83  29.723771474041  -95.322019345803
    67  1843   83  29.723771927286  -95.321993517610
    68  1841   83  29.723771020791  -95.322045173996
    69  1842   84  29.723748930166  -95.322018826524
    70  1843   84  29.723749383411  -95.321992998337
    71  1841   84  29.723748476916  -95.322044654711
    72    73  172  29.720955465305  -95.367661368979
    73    72  172  29.720955003191  -95.367687195605
    74    73  173  29.720932922159  -95.367660839559
    75    72  173  29.720932460045  -95.367686666179
    76    39  206  29.720173284042  -95.368521467316
    77    40  206  29.720173746308  -95.368495640906
    78    39  207  29.720150740907  -95.368520937721
    79    40  207  29.720151203173  -95.368495111317
    80    62  220  29.719868310864  -95.367920047307
    81    63  220  29.719868773008  -95.367894220964
    82    61  220  29.719867848714  -95.367945873650
    83    61  221  29.719845305568  -95.367945344189
    84    62  221  29.719845767718  -95.367919517853
    85    63  221  29.719846229862  -95.367893691515
    86    63  222  29.719823686716  -95.367893162067
    87    61  222  29.719822762423  -95.367944814730
    88    62  222  29.719823224572  -95.367918988399
    89    67  225  29.719757905797  -95.367788268463
    90    66  225  29.719757443674  -95.367814094779
    91    68  225  29.719758367914  -95.367762442145
    92    67  226  29.719735362648  -95.367787739040
    93    68  226  29.719735824765  -95.367761912728
    94    66  226  29.719734900526  -95.367813565351
    95    67  227  29.719712819500  -95.367787209618
    96    66  227  29.719712357378  -95.367813035923
    97    68  227  29.719713281616  -95.367761383312
    98   221  249  29.719287975497  -95.363798323813
    99   222  249  29.719288436830  -95.363772497542
   100   220  249  29.719287514159  -95.363824150084
   101   220  250  29.719264970944  -95.363823621558
   102   221  250  29.719265432282  -95.363797795292
   103   222  250  29.719265893614  -95.363771969026
   104   221  251  29.719242889066  -95.363797266772
   105   222  251  29.719243350398  -95.363771440512
   106   220  251  29.719242427730  -95.363823093031
   107   561  262  29.719151475023  -95.355010511611
   108   560  262  29.719151015401  -95.355036338011
   109   559  262  29.719150555774  -95.355062164410
   110   560  263  29.719128472043  -95.355035811451
   111   559  263  29.719128012417  -95.355061637844
   112   561  263  29.719128931664  -95.355009985056
   113   559  264  29.719105469059  -95.355061111279
   114   560  264  29.719105928685  -95.355035284891
   115   561  264  29.719106388305  -95.355009458503
   116    15  270  29.718719427968  -95.369107399233
   117    16  270  29.718719890328  -95.369081573206
   118    14  270  29.718718965602  -95.369133225259
   119    15  271  29.718696884837  -95.369106869538
   120    14  271  29.718696422472  -95.369132695558
   121    16  271  29.718697347197  -95.369081043517
   122    14  272  29.718673879342  -95.369132165858
   123    15  272  29.718674341707  -95.369106339843
   124    16  272  29.718674804066  -95.369080513828
   125   712  282  29.718769951714  -95.351100204777
   126   713  282  29.718770410562  -95.351074378401
   127   713  283  29.718747867139  -95.351073852735
   128   712  283  29.718747408290  -95.351099679104
   129   555  284  29.718652763363  -95.355153885184
   130   553  284  29.718651844072  -95.355205537723
   131   554  284  29.718652303720  -95.355179711454
   132   555  285  29.718630220005  -95.355153358609
   133   567  285  29.718635735320  -95.354843443395
   134   553  285  29.718629300715  -95.355205011136
   135   554  285  29.718629760363  -95.355179184873
   136   566  285  29.718635275738  -95.354869269666
   137   567  286  29.718613191957  -95.354842916889
   138   566  286  29.718612732375  -95.354868743155
   139   553  286  29.718606757358  -95.355204484549
   140   554  286  29.718607217005  -95.355178658292
   141   555  286  29.718607676647  -95.355152832034
   142   445  290  29.718466912630  -95.357991608010
   143   443  290  29.718465992238  -95.358043260348
   144   340  290  29.718418564831  -95.360703352508
   145   444  290  29.718466452437  -95.358017434179
   146   341  290  29.718419025548  -95.360677526401
   147   339  290  29.718418104109  -95.360729178614
   148   339  291  29.718395560841  -95.360728650797
   149   340  291  29.718396021563  -95.360702824697
   150   341  291  29.718396482279  -95.360676998596
   151   445  291  29.718444369318  -95.357991080804
   152   444  291  29.718443909125  -95.358016906968
   153   443  291  29.718443448927  -95.358042733131
   154   339  292  29.718373017573  -95.360728122981
   155   445  292  29.718421826005  -95.357990553599
   156   444  292  29.718421365813  -95.358016379757
   157   443  292  29.718420905615  -95.358042205914
   158   340  292  29.718373478294  -95.360702296887
   159   341  292  29.718373939010  -95.360676470791
   160   496  308  29.718084595812  -95.356664988260
   161   495  308  29.718084135882  -95.356690814356
   162   494  308  29.718083675948  -95.356716640451
   163   496  309  29.718062052476  -95.356664461359
   164   495  309  29.718061592547  -95.356690287449
   165   494  309  29.718061132613  -95.356716113539
   166   495  310  29.718039049212  -95.356689760542
   167   494  310  29.718038589279  -95.356715586626
   168   496  310  29.718039509141  -95.356663934458
   169   472  328  29.717622689592  -95.357274273723
   170   471  328  29.717622229550  -95.357300099690
   171   473  328  29.717623149629  -95.357248447756
   172   186  329  29.717468369375  -95.364659947031
   173   187  329  29.717468830851  -95.364634121242
   174   471  329  29.717599686224  -95.357299572657
   175   472  329  29.717600146265  -95.357273746696
   176   473  329  29.717600606302  -95.357247920734
   177   185  329  29.717467907895  -95.364685772821
   178   473  330  29.717578062974  -95.357247393713
   179   187  330  29.717446287643  -95.364633592573
   180   185  330  29.717445364688  -95.364685244140
   181   471  330  29.717577142897  -95.357299045624
   182   472  330  29.717577602938  -95.357273219669
   183   186  330  29.717445826168  -95.364659418357
   184   751  332  29.717660670995  -95.350066704032
   185   750  332  29.717660212358  -95.350092530143
   186   752  332  29.717661129626  -95.350040877921
   187   752  333  29.717638586182  -95.350040352509
   188   751  333  29.717638127551  -95.350066178614
   189   750  333  29.717637668915  -95.350092004719
   190   750  334  29.717615125471  -95.350091479296
   191   752  334  29.717616042738  -95.350039827098
   192   751  334  29.717615584107  -95.350065653197
   193   781  337  29.717561710470  -95.349289294228
   194   780  337  29.717561251986  -95.349315120328
   195   781  338  29.717539167013  -95.349288768986
   196   780  338  29.717538708530  -95.349314595080

