     1  1348    9  29.725215187062  -95.334817039920
     2  1349    9  29.725215642824  -95.334791211593
     3  1347    9  29.725214731295  -95.334842868247
     4  1347   10  29.725192187631  -95.334842346071
     5  1348   10  29.725192643397  -95.334816517750
     6  1349   10  29.725193099159  -95.334790689429
     7  1348   11  29.725170099733  -95.334815995581
     8  1349   11  29.725170555494  -95.334790167265
     9  1347   11  29.725169643967  -95.334841823896
    10   596   15  29.724735769192  -95.354236614659
    11   599   15  29.724737147808  -95.354159131123
    12   597   15  29.724736228735  -95.354210786815
    13   598   15  29.724736688274  -95.354184958969
    14   595   15  29.724735309643  -95.354262442504
    15   595   16  29.724712766291  -95.354261915997
    16   597   16  29.724713685383  -95.354210260320
    17   598   16  29.724714144921  -95.354184432480
    18   599   16  29.724714604454  -95.354158604640
    19   596   16  29.724713225839  -95.354236088159
    20   599   17  29.724692061101  -95.354158078158
    21   598   17  29.724691601568  -95.354183905992
    22   597   17  29.724691142030  -95.354209733826
    23   596   17  29.724690682487  -95.354235561659
    24   595   17  29.724690222939  -95.354261389492
    25   597   18  29.724668598677  -95.354209207332
    26   598   18  29.724669058215  -95.354183379504
    27   596   18  29.724668139135  -95.354235035160
    28   599   18  29.724669517747  -95.354157551676
    29   595   18  29.724667679587  -95.354260862987
    30  1892   51  29.724515534747  -95.320744543441
    31  1891   51  29.724515081735  -95.320770371848
    32  1892   52  29.724492990854  -95.320744024431
    33  1891   52  29.724492537843  -95.320769852832
    34  1864   54  29.724435216873  -95.321466181088
    35  1863   54  29.724434763721  -95.321492009461
    36  1864   55  29.724412672991  -95.321465661919
    37  1863   55  29.724412219840  -95.321491490286
    38   720   65  29.723665543943  -95.351007668786
    39   724   65  29.723667379508  -95.350904358259
    40   723   65  29.723666920624  -95.350930185892
    41   722   65  29.723666461735  -95.350956013524
    42   721   65  29.723666002841  -95.350981841155
    43   723   66  29.723644377215  -95.350929660153
    44   722   66  29.723643918326  -95.350955487779
    45   721   66  29.723643459433  -95.350981315405
    46   720   66  29.723643000534  -95.351007143030
    47   724   66  29.723644836098  -95.350903832526
    48   722   67  29.723621374917  -95.350954962036
    49   721   67  29.723620916024  -95.350980789656
    50   723   67  29.723621833805  -95.350929134415
    51   724   67  29.723622292688  -95.350903306794
    52   720   67  29.723620457126  -95.351006617275
    53   723   68  29.723599290395  -95.350928608678
    54   720   68  29.723597913718  -95.351006091520
    55   721   68  29.723598372615  -95.350980263907
    56   722   68  29.723598831508  -95.350954436293
    57   724   68  29.723599749278  -95.350902781063
    58   105  100  29.722593357606  -95.366873023180
    59   107  100  29.722594281559  -95.366821369059
    60   106  100  29.722593819585  -95.366847196120
    61   105  101  29.722570814453  -95.366872493901
    62   107  101  29.722571738405  -95.366820839791
    63   106  101  29.722571276431  -95.366846666847
    64   106  102  29.722548733277  -95.366846137574
    65   107  102  29.722549195250  -95.366820310524
    66   105  102  29.722548271299  -95.366871964623
    67  1794  109  29.723163572093  -95.323245590125
    68  1795  109  29.723164025569  -95.323219762110
    69  1794  110  29.723141028236  -95.323245070585
    70  1795  110  29.723141481711  -95.323219242576
    71   558  125  29.722238535295  -95.355160136774
    72   559  125  29.722238994984  -95.355134309585
    73   556  125  29.722237615902  -95.355211791148
    74   557  125  29.722238075601  -95.355185963961
    75   556  126  29.722215072557  -95.355211264483
    76   557  126  29.722215532256  -95.355185437302
    77   558  126  29.722215991949  -95.355159610120
    78   559  126  29.722216451638  -95.355133782938
    79   557  127  29.722192988910  -95.355184910643
    80   559  127  29.722193908292  -95.355133256290
    81   558  127  29.722193448604  -95.355159083467
    82   556  127  29.722192529212  -95.355210737819
    83    48  183  29.720695936428  -95.368301209272
    84    47  183  29.720695474192  -95.368327035820
    85    49  183  29.720696398659  -95.368275382724
    86    48  184  29.720673393291  -95.368300679715
    87    49  184  29.720673855522  -95.368274853173
    88    47  184  29.720672931056  -95.368326506257
    89    48  185  29.720650850154  -95.368300150158
    90    49  185  29.720651312384  -95.368274323622
    91    47  185  29.720650387919  -95.368325976694
    92   523  201  29.720509149606  -95.356024048690
    93   521  201  29.720508229924  -95.356075702147
    94   522  201  29.720508689768  -95.356049875418
    95   522  202  29.720486146431  -95.356049348603
    96   521  202  29.720485686588  -95.356075175325
    97   523  202  29.720486606269  -95.356023521880
    98    24  210  29.720076176926  -95.368906744671
    99    25  210  29.720076639266  -95.368880918293
   100    26  210  29.720077101601  -95.368855091914
   101    27  210  29.720077563931  -95.368829265535
   102    24  211  29.720053633796  -95.368906214991
   103    27  211  29.720055020801  -95.368828735873
   104    26  211  29.720054558471  -95.368854562246
   105    25  211  29.720054096136  -95.368880388619
   106    27  212  29.720032477670  -95.368828206211
   107    24  212  29.720031090667  -95.368905685313
   108    26  212  29.720032015341  -95.368854032579
   109    25  212  29.720031553007  -95.368879858946
   110    25  213  29.720009009877  -95.368879329274
   111    26  213  29.720009472211  -95.368853502912
   112    27  213  29.720009934540  -95.368827676551
   113    24  213  29.720008547538  -95.368905155634
   114  1845  224  29.720594146369  -95.321868651145
   115  1846  224  29.720594599541  -95.321842823762
   116  1844  224  29.720593693192  -95.321894478526
   117  1844  225  29.720571149305  -95.321893959342
   118  1197  225  29.720276889272  -95.338604147651
   119  1196  225  29.720276432835  -95.338629974643
   120  1846  225  29.720572055653  -95.321842304589
   121  1845  225  29.720571602481  -95.321868131966
   122  1197  226  29.720254345652  -95.338603624739
   123  1196  226  29.720253889215  -95.338629451726
   124  1844  226  29.720548605417  -95.321893440158
   125  1845  226  29.720549058593  -95.321867612788
   126  1846  226  29.720549511764  -95.321841785417
   127  1196  227  29.720231345595  -95.338628928809
   128  1197  227  29.720231802032  -95.338603101828
   129  1844  227  29.720526061529  -95.321892920975
   130  1845  227  29.720526514704  -95.321867093611
   131  1846  227  29.720526967875  -95.321841266246
   132  1846  228  29.720504423986  -95.321840747075
   133  1845  228  29.720503970816  -95.321866574434
   134  1844  228  29.720503517640  -95.321892401793
   135   291  244  29.719432972859  -95.361993123942
   136  1196  244  29.719848104042  -95.338620039310
   137   290  244  29.719432511871  -95.362018950284
   138  1195  244  29.719847647608  -95.338645866192
   139  1196  245  29.719825560420  -95.338619516404
   140   291  245  29.719410429615  -95.361992595821
   141   290  245  29.719409968627  -95.362018422157
   142  1195  245  29.719825103987  -95.338645343280
   143  1854  249  29.720034627411  -95.321623226693
   144  1855  249  29.720035080527  -95.321597399449
   145  1856  249  29.720035533638  -95.321571572205
   146  1856  250  29.720012989744  -95.321571053105
   147  1855  250  29.720012536633  -95.321596880343
   148  1854  250  29.720012083517  -95.321622707581
   149  1855  251  29.719989992738  -95.321596361237
   150  1854  251  29.719989539623  -95.321622188469
   151  1856  251  29.719990445849  -95.321570534005
   152   774  285  29.718730760466  -95.349497392415
   153   773  285  29.718730301926  -95.349523218810
   154   773  286  29.718707758477  -95.349522693491
   155   774  286  29.718708217017  -95.349496867102
   156   815  299  29.718433947753  -95.348431158690
   157   814  299  29.718433489425  -95.348456985029
   158   813  299  29.718433031092  -95.348482811367
   159   814  300  29.718410945958  -95.348456459954
   160   813  300  29.718410487625  -95.348482286287
   161   815  300  29.718411404286  -95.348430633622
   162   814  301  29.718388402490  -95.348455934880
   163   813  301  29.718387944158  -95.348481761207
   164   815  301  29.718388860818  -95.348430108553
   165  1721  310  29.718599143751  -95.325026533336
   166  1722  310  29.718599597511  -95.325000706523
   167  1722  311  29.718577053666  -95.325000186686
   168  1721  311  29.718576599907  -95.325026013494
   169  1255  312  29.718342056634  -95.337060719041
   170  1256  312  29.718342512738  -95.337034892515
   171  1254  312  29.718341600525  -95.337086545567
   172  1256  313  29.718319969086  -95.337034369995
   173  1255  313  29.718319512982  -95.337060196515
   174  1254  313  29.718319056874  -95.337086023035
   175  1255  314  29.718296969330  -95.337059673990
   176  1256  314  29.718297425434  -95.337033847475
   177  1254  314  29.718296513222  -95.337085500504
   178  1715  328  29.718190631915  -95.325172136513
   179  1714  328  29.718190178126  -95.325197963219
   180   217  329  29.717482672769  -95.363859347269
   181   215  329  29.717481750115  -95.363910998884
   182   214  329  29.717481288780  -95.363936824690
   183  1714  329  29.718167634283  -95.325197443347
   184  1715  329  29.718168088071  -95.325171616647
   185   216  329  29.717482211444  -95.363885173076
   186   216  330  29.717459668224  -95.363884644575
   187   215  330  29.717459206895  -95.363910470376
   188   214  330  29.717458745561  -95.363936296177
   189   217  330  29.717460129548  -95.363858818773
   190   214  331  29.717436202342  -95.363935767664
   191   216  331  29.717437125004  -95.363884116074
   192   217  331  29.717437586328  -95.363858290277
   193   215  331  29.717436663676  -95.363909941869
