     1  266  145  29.721653226360  -95.362691083489
     2  267  146  29.721631144285  -95.362664728273
     3  266  146  29.721630683135  -95.362690555165
     4  265  146  29.721630221981  -95.362716382057
     5  264  147  29.721607217597  -95.362741680613
     6  263  147  29.721606756433  -95.362767507497
     7  265  147  29.721607678756  -95.362715853728
     8  266  147  29.721608139910  -95.362690026842
     9  267  147  29.721608601059  -95.362664199955
    10  261  148  29.721583290866  -95.362818632913
    11  262  148  29.721583752040  -95.362792806035
    12  263  148  29.721584213208  -95.362766979157
    13  264  148  29.721584674372  -95.362741152278
    14  265  148  29.721585135531  -95.362715325399
    15  266  148  29.721585596685  -95.362689498519
    16  267  148  29.721586057833  -95.362663671638
    17  268  148  29.721586518977  -95.362637844757
    18  260  149  29.721560286464  -95.362843931433
    19  261  149  29.721560747643  -95.362818104562
    20  262  149  29.721561208816  -95.362792277690
    21  263  149  29.721561669984  -95.362766450817
    22  264  149  29.721562131148  -95.362740623944
    23  265  149  29.721562592306  -95.362714797071
    24  266  149  29.721563053459  -95.362688970196
    25  267  149  29.721563514608  -95.362663143321
    26  268  149  29.721563975751  -95.362637316446
    27  269  149  29.721564436889  -95.362611489570
    28  258  150  29.721536820870  -95.362895056806
    29  259  150  29.721537282058  -95.362869229942
    30  261  150  29.721538204419  -95.362817576211
    31  262  150  29.721538665592  -95.362791749345
    32  269  150  29.721541893662  -95.362610961265
    33  268  150  29.721541432524  -95.362636788136
    34  267  150  29.721540971382  -95.362662615006
    35  266  150  29.721540510234  -95.362688441875
    36  265  150  29.721540049081  -95.362714268743
    37  264  150  29.721539587923  -95.362740095611
    38  263  150  29.721539126760  -95.362765922478
    39  260  150  29.721537743241  -95.362843403077
    40  257  151  29.721513816455  -95.362920355297
    41  256  151  29.721513355257  -95.362946182154
    42  258  151  29.721514277648  -95.362894528439
    43  259  151  29.721514738835  -95.362868701580
    44  260  151  29.721515200018  -95.362842874721
    45  261  151  29.721515661196  -95.362817047861
    46  262  151  29.721516122368  -95.362791221001
    47  263  151  29.721516583536  -95.362765394140
    48  264  151  29.721517044698  -95.362739567278
    49  265  151  29.721517505856  -95.362713740416
    50  266  151  29.721517967008  -95.362687913553
    51  267  151  29.721518428156  -95.362662086690
    52  268  151  29.721518889298  -95.362636259826
    53  269  151  29.721519350435  -95.362610432962
    54  270  151  29.721519811568  -95.362584606096
    55  280  152  29.721501879383  -95.362325809172
    56  256  152  29.721490812036  -95.362945653776
    57  257  152  29.721491273233  -95.362919826924
    58  258  152  29.721491734425  -95.362894000072
    59  259  152  29.721492195613  -95.362868173219
    60  260  152  29.721492656795  -95.362842346366
    61  261  152  29.721493117972  -95.362816519512
    62  262  152  29.721493579144  -95.362790692657
    63  263  152  29.721494040311  -95.362764865802
    64  264  152  29.721494501474  -95.362739038946
    65  265  152  29.721494962631  -95.362713212090
    66  266  152  29.721495423783  -95.362687385233
    67  267  152  29.721495884930  -95.362661558375
    68  268  152  29.721496346072  -95.362635731517
    69  269  152  29.721496807209  -95.362609904658
    70  255  152  29.721490350834  -95.362971480627
    71  266  153  29.721472880557  -95.362686856913
    72  265  153  29.721472419405  -95.362712683764
    73  264  153  29.721471958249  -95.362738510615
    74  263  153  29.721471497087  -95.362764337465
    75  262  153  29.721471035920  -95.362790164314
    76  261  153  29.721470574749  -95.362815991163
    77  260  153  29.721470113572  -95.362841818011
    78  259  153  29.721469652390  -95.362867644859
    79  258  153  29.721469191203  -95.362893471706
    80  257  153  29.721468730011  -95.362919298553
    81  256  153  29.721468268814  -95.362945125398
    82  255  153  29.721467807612  -95.362970952244
    83  254  153  29.721467346405  -95.362996779088
    84  279  153  29.721478875070  -95.362351107792
    85  280  153  29.721479336151  -95.362325280933
    86  281  153  29.721479797227  -95.362299454072
    87  267  153  29.721473341703  -95.362661030061
    88  268  153  29.721473802845  -95.362635203209
    89  279  154  29.721456331839  -95.362350579548
    90  282  154  29.721457715066  -95.362273098984
    91  281  154  29.721457253995  -95.362298925839
    92  255  154  29.721445264391  -95.362970423861
    93  256  154  29.721445725593  -95.362944597021
    94  257  154  29.721446186789  -95.362918770181
    95  258  154  29.721446647981  -95.362892943341
    96  259  154  29.721447109167  -95.362867116499
    97  260  154  29.721447570348  -95.362841289657
    98  266  154  29.721450337331  -95.362686328594
    99  265  154  29.721449876180  -95.362712155439
   100  264  154  29.721449415024  -95.362737982284
   101  263  154  29.721448953862  -95.362763809128
   102  262  154  29.721448492696  -95.362789635972
   103  261  154  29.721448031525  -95.362815462815
   104  280  154  29.721456792919  -95.362324752694
   105  256  155  29.721423182371  -95.362944068645
   106  257  155  29.721423643567  -95.362918241811
   107  258  155  29.721424104758  -95.362892414976
   108  259  155  29.721424565944  -95.362866588140
   109  260  155  29.721425027125  -95.362840761304
   110  261  155  29.721425488301  -95.362814934467
   111  262  155  29.721425949472  -95.362789107630
   112  264  155  29.721426871799  -95.362737453954
   113  263  155  29.721426410638  -95.362763280792
   114  280  155  29.721434249688  -95.362324224456
   115  281  155  29.721434710763  -95.362298397607
   116  282  155  29.721435171833  -95.362272570758
   117  255  155  29.721422721170  -95.362969895479
   118  263  156  29.721403867413  -95.362762752457
   119  262  156  29.721403406248  -95.362788579289
   120  261  156  29.721402945077  -95.362814406120
   121  283  156  29.721413089665  -95.362246215688
   122  282  156  29.721412628600  -95.362272042532
   123  281  156  29.721412167531  -95.362297869375
   124  260  156  29.721402483902  -95.362840232951
   125  259  156  29.721402022721  -95.362866059782
   126  258  156  29.721401561535  -95.362891886612
   127  257  156  29.721401100345  -95.362917713441
   128  256  156  29.721400639149  -95.362943540269
   129  257  157  29.721378557123  -95.362917185071
   130  260  157  29.721379940678  -95.362839704599
   131  259  157  29.721379479498  -95.362865531424
   132  258  157  29.721379018313  -95.362891358248
   133  283  157  29.721390546432  -95.362245687468
   134  282  157  29.721390085368  -95.362271514306
   135  281  157  29.721389624298  -95.362297341144
   136  261  157  29.721380401853  -95.362813877774
   137  282  158  29.721367542135  -95.362270986082
   138  257  158  29.721356013900  -95.362916656702
   139  258  158  29.721356475090  -95.362890829885
   140  259  158  29.721356936275  -95.362865003067
   141  284  158  29.721368464258  -95.362219332416
   142  283  158  29.721368003199  -95.362245159249
   143  284  159  29.721345921024  -95.362218804203
   144  285  159  29.721346382077  -95.362192977375
   145  258  159  29.721333931867  -95.362890301522
   146  283  159  29.721345459965  -95.362244631031
   147  284  160  29.721323377790  -95.362218275991
   148  285  160  29.721323838843  -95.362192449169
   149  283  160  29.721322916732  -95.362244102813
   150  284  161  29.721300834556  -95.362217747780
   151  285  161  29.721301295609  -95.362191920963
   152  286  161  29.721301756656  -95.362166094146
   153  286  162  29.721279213421  -95.362165565947
   154  287  162  29.721279674464  -95.362139739135
   155  285  162  29.721278752374  -95.362191392758
   156  285  163  29.721256209140  -95.362190864554
   157  286  163  29.721256670187  -95.362165037748
   158  287  163  29.721257131228  -95.362139210942
   159  287  164  29.721234587993  -95.362138682749
   160  288  164  29.721235049029  -95.362112855948
   161  286  164  29.721234126951  -95.362164509550
   162  288  165  29.721212505793  -95.362112327762
   163  289  165  29.721212966824  -95.362086500966
   164  287  165  29.721212044757  -95.362138154558
   165  287  166  29.721189501522  -95.362137626367
   166  288  166  29.721189962557  -95.362111799577
   167  289  166  29.721190423587  -95.362085972787
   168  289  167  29.721167880351  -95.362085444608
   169  290  167  29.721168341376  -95.362059617823
   170  288  167  29.721167419321  -95.362111271392
   171  290  168  29.721145798139  -95.362059089650
   172  289  168  29.721145337114  -95.362084916429
   173  290  169  29.721123254902  -95.362058561478
   174  291  169  29.721123715921  -95.362032734704
   175  289  169  29.721122793877  -95.362084388252
   176  290  170  29.721100711664  -95.362058033307
   177  291  170  29.721101172683  -95.362032206538
   178  292  170  29.721101633697  -95.362006379769
   179  292  171  29.721079090459  -95.362005851610
   180  291  171  29.721078629445  -95.362031678373
   181  291  172  29.721056086207  -95.362031150209
   182  292  172  29.721056547220  -95.362005323451
   183  293  172  29.721057008228  -95.361979496693
   184  293  173  29.721034464989  -95.361978968541
   185  294  173  29.721034925992  -95.361953141788
   186  292  173  29.721034003982  -95.362004795293
   187  293  174  29.721011921750  -95.361978440389
