     1   174   45  29.723865097264  -95.365120043992
     2   172   45  29.723864173940  -95.365171698828
     3   173   45  29.723864635605  -95.365145871410
     4   175   45  29.723865558919  -95.365094216573
     5   171   45  29.723863712270  -95.365197526245
     6   173   46  29.723842092427  -95.365145342490
     7   171   46  29.723841169093  -95.365196997313
     8   174   46  29.723842554086  -95.365119515077
     9   175   46  29.723843015741  -95.365093687664
    10   172   46  29.723841630763  -95.365171169902
    11   171   47  29.723818625916  -95.365196468382
    12   172   47  29.723819087585  -95.365170640977
    13   173   47  29.723819549249  -95.365144813570
    14   174   47  29.723820010908  -95.365118986164
    15   175   47  29.723820472562  -95.365093158756
    16   171   48  29.723796082739  -95.365195939452
    17   172   48  29.723796544408  -95.365170112052
    18   174   48  29.723797467730  -95.365118457250
    19   175   48  29.723797929384  -95.365092629849
    20   173   48  29.723797006072  -95.365144284651
    21   211   59  29.723566570424  -95.364157027330
    22   212   59  29.723567031887  -95.364131199970
    23   215   59  29.723568416245  -95.364053717885
    24   213   59  29.723567493344  -95.364105372609
    25   214   59  29.723567954797  -95.364079545247
    26   214   60  29.723545411601  -95.364079016572
    27   211   60  29.723544027229  -95.364156498637
    28   212   60  29.723544488692  -95.364130671283
    29   215   60  29.723545873048  -95.364053189215
    30   213   60  29.723544950149  -95.364104843927
    31   212   61  29.723521945496  -95.364130142596
    32   213   61  29.723522406953  -95.364104315247
    33   214   61  29.723522868405  -95.364078487897
    34   211   61  29.723521484034  -95.364155969945
    35   215   61  29.723523329852  -95.364052660546
    36   211   62  29.723498940840  -95.364155441254
    37   212   62  29.723499402301  -95.364129613911
    38   213   62  29.723499863758  -95.364103786567
    39   214   62  29.723500325209  -95.364077959222
    40   215   62  29.723500786655  -95.364052131877
    41   212   63  29.723476859106  -95.364129085225
    42   213   63  29.723477320562  -95.364103257887
    43   214   63  29.723477782013  -95.364077430549
    44   215   63  29.723478243459  -95.364051603210
    45   211   63  29.723476397645  -95.364154912563
    46  1050  144  29.722035767039  -95.342443135596
    47  1049  144  29.722035309828  -95.342468962968
    48  1051  144  29.722036224244  -95.342417308224
    49  1050  145  29.722013223486  -95.342442611789
    50  1051  145  29.722013680692  -95.342416784423
    51  1049  145  29.722012766276  -95.342468439155
    52  1050  146  29.721990679934  -95.342442087983
    53  1049  146  29.721990222724  -95.342467915343
    54  1051  146  29.721991137139  -95.342416260622
    55  1146  172  29.721448415198  -95.339949054259
    56  1148  172  29.721449328614  -95.339897399722
    57  1149  172  29.721449785315  -95.339871572453
    58  1147  172  29.721448871909  -95.339923226991
    59  1146  173  29.721425871603  -95.339948531022
    60  1147  173  29.721426328313  -95.339922703760
    61  1148  173  29.721426785019  -95.339896876497
    62  1149  173  29.721427241719  -95.339871049233
    63  1146  174  29.721403328008  -95.339948007785
    64  1149  174  29.721404698123  -95.339870526014
    65  1147  174  29.721403784718  -95.339922180529
    66  1148  174  29.721404241423  -95.339896353272
    67  1149  175  29.721382154527  -95.339870002795
    68  1148  175  29.721381697827  -95.339895830047
    69  1147  175  29.721381241123  -95.339921657298
    70  1146  175  29.721380784414  -95.339947484549
    71   541  217  29.720156732306  -95.355550740246
    72   543  217  29.720157651773  -95.355499086949
    73   542  217  29.720157192042  -95.355524913598
    74   540  217  29.720156272565  -95.355576566893
    75   540  218  29.720133729219  -95.355576040191
    76   541  218  29.720134188959  -95.355550213549
    77   542  218  29.720134648695  -95.355524386907
    78   543  218  29.720135108426  -95.355498560264
    79   541  219  29.720111645613  -95.355549686853
    80   542  219  29.720112105348  -95.355523860217
    81   543  219  29.720112565078  -95.355498033580
    82   540  219  29.720111185873  -95.355575513489
    83   825  222  29.720174377844  -95.348213322925
    84   826  222  29.720174836149  -95.348187496136
    85   827  222  29.720175294450  -95.348161669347
    86   824  222  29.720173919534  -95.348239149713
    87   827  223  29.720152750983  -95.348161144301
    88   825  223  29.720151834379  -95.348212797868
    89   824  223  29.720151376069  -95.348238624650
    90   826  223  29.720152292684  -95.348186971085
    91   826  224  29.720129749218  -95.348186446034
    92   827  224  29.720130207517  -95.348160619256
    93   825  224  29.720129290914  -95.348212272811
    94   824  224  29.720128832604  -95.348238099588
    95   551  234  29.719778092469  -95.355283520961
    96   549  234  29.719777173096  -95.355335174071
    97   548  234  29.719776713403  -95.355361000625
    98   552  234  29.719778552148  -95.355257694405
    99   550  234  29.719777632785  -95.355309347516
   100   550  235  29.719755089434  -95.355308820881
   101   551  235  29.719755549117  -95.355282994332
   102   548  235  29.719754170052  -95.355360473979
   103   552  235  29.719756008795  -95.355257167782
   104   549  235  29.719754629745  -95.355334647430
   105   549  236  29.719732086394  -95.355334120791
   106   550  236  29.719732546082  -95.355308294248
   107   551  236  29.719733005765  -95.355282467704
   108   548  236  29.719731626701  -95.355359947333
   109   552  236  29.719733465443  -95.355256641159
   110   787  252  29.719480654999  -95.349178982434
   111   788  252  29.719481113483  -95.349153155840
   112   789  252  29.719481571961  -95.349127329247
   113   789  253  29.719459028508  -95.349126804000
   114   788  253  29.719458570030  -95.349152630588
   115   787  253  29.719458111547  -95.349178457175
   116   789  254  29.719436485055  -95.349126278754
   117   787  254  29.719435568095  -95.349177931918
   118   788  254  29.719436026578  -95.349152105336
   119   994  304  29.718403189764  -95.343805614301
   120   993  304  29.718402732338  -95.343831440717
   121   996  304  29.718404104600  -95.343753961466
   122   995  304  29.718403647185  -95.343779787884
   123   993  305  29.718380188796  -95.343830916677
   124   994  305  29.718380646221  -95.343805090266
   125   995  305  29.718381103641  -95.343779263855
   126   996  305  29.718381561057  -95.343753437443
   127   994  306  29.718358102678  -95.343804566232
   128   993  306  29.718357645253  -95.343830392637
   129   995  306  29.718358560098  -95.343778739827
   130   996  306  29.718359017513  -95.343752913421
   131   996  307  29.718336473969  -95.343752389399
   132   993  307  29.718335101711  -95.343829868598
   133   994  307  29.718335559135  -95.343804042199
   134   995  307  29.718336016555  -95.343778215799
   135  1011  314  29.718185529729  -95.343361325791
   136  1012  314  29.718185987060  -95.343335499421
   137  1013  314  29.718186444386  -95.343309673051
   138  1013  315  29.718163900834  -95.343309149132
   139  1011  315  29.718162986178  -95.343360801860
   140  1012  315  29.718163443509  -95.343334975497
   141  1011  316  29.718140442628  -95.343360277930
   142  1012  316  29.718140899958  -95.343334451572
   143  1013  316  29.718141357283  -95.343308625214
   144  1013  317  29.718118813731  -95.343308101296
   145  1011  317  29.718117899077  -95.343359754001
   146  1012  317  29.718118356406  -95.343333927649
   147  1016  321  29.718030011463  -95.343228526637
   148  1019  321  29.718031383356  -95.343151047639
   149  1017  321  29.718030468765  -95.343202700305
   150  1018  321  29.718030926063  -95.343176873972
   151  1016  322  29.718007467909  -95.343228002739
   152  1017  322  29.718007925212  -95.343202176413
   153  1018  322  29.718008382509  -95.343176350086
   154  1019  322  29.718008839802  -95.343150523758
   155  1019  323  29.717986296247  -95.343149999879
   156  1016  323  29.717984924356  -95.343227478842
   157  1017  323  29.717985381658  -95.343201652522
   158  1018  323  29.717985838955  -95.343175826200
   159   980  324  29.717945914592  -95.344156701886
   160   979  324  29.717945457104  -95.344182528179
   161   978  324  29.717944999611  -95.344208354471
   162   978  325  29.717922456074  -95.344207830356
   163   979  325  29.717922913566  -95.344182004070
   164   980  325  29.717923371053  -95.344156177783
   165   978  326  29.717899912536  -95.344207306242
   166   980  326  29.717900827515  -95.344155653680
   167   979  326  29.717900370028  -95.344181479961
   168   980  327  29.717878283976  -95.344155129578
   169   978  327  29.717877368998  -95.344206782129
   170   979  327  29.717877826489  -95.344180955854
   171   987  331  29.717791312073  -95.343972249391
   172   984  331  29.717789939709  -95.344049728159
   173   985  331  29.717790397169  -95.344023901904
   174   986  331  29.717790854624  -95.343998075648
   175   985  332  29.717767853628  -95.344023377834
   176   986  332  29.717768311082  -95.343997551583
   177   987  332  29.717768768531  -95.343971725332
   178   984  332  29.717767396168  -95.344049204083
   179   984  333  29.717744852627  -95.344048680008
   180   985  333  29.717745310086  -95.344022853764
   181   986  333  29.717745767540  -95.343997027519
   182   987  333  29.717746224989  -95.343971201274
   183   985  334  29.717722766545  -95.344022329695
   184   986  334  29.717723223998  -95.343996503456
   185   987  334  29.717723681447  -95.343970677216
   186   984  334  29.717722309086  -95.344048155933

