     1  614  103  29.722760224230  -95.353725392745
     2  614  104  29.722737680863  -95.353724866401
     3  615  104  29.722738140279  -95.353699039058
     4  616  104  29.722738599690  -95.353673211715
     5  617  104  29.722739059096  -95.353647384371
     6  613  104  29.722737221442  -95.353750693743
     7  613  105  29.722714678075  -95.353750167394
     8  614  105  29.722715137496  -95.353724340057
     9  615  105  29.722715596911  -95.353698512720
    10  616  105  29.722716056322  -95.353672685383
    11  617  105  29.722716515728  -95.353646858045
    12  618  105  29.722716975128  -95.353621030706
    13  619  105  29.722717434524  -95.353595203367
    14  613  106  29.722692134708  -95.353749641045
    15  614  106  29.722692594128  -95.353723813714
    16  615  106  29.722693053544  -95.353697986383
    17  616  106  29.722693512954  -95.353672159051
    18  617  106  29.722693972359  -95.353646331719
    19  618  106  29.722694431759  -95.353620504386
    20  619  106  29.722694891154  -95.353594677053
    21  620  106  29.722695350544  -95.353568849718
    22  621  106  29.722695809929  -95.353543022384
    23  613  107  29.722669591341  -95.353749114697
    24  614  107  29.722670050761  -95.353723287372
    25  615  107  29.722670510176  -95.353697460047
    26  616  107  29.722670969585  -95.353671632721
    27  617  107  29.722671428990  -95.353645805394
    28  618  107  29.722671888390  -95.353619978067
    29  619  107  29.722672347784  -95.353594150739
    30  620  107  29.722672807174  -95.353568323411
    31  621  107  29.722673266559  -95.353542496082
    32  622  107  29.722673725938  -95.353516668752
    33  623  107  29.722674185313  -95.353490841422
    34  624  107  29.722674644682  -95.353465014091
    35  612  108  29.722646588550  -95.353774415668
    36  613  108  29.722647047974  -95.353748588350
    37  614  108  29.722647507393  -95.353722761030
    38  615  108  29.722647966808  -95.353696933711
    39  616  108  29.722648426217  -95.353671106391
    40  617  108  29.722648885621  -95.353645279070
    41  618  108  29.722649345021  -95.353619451748
    42  619  108  29.722649804415  -95.353593624426
    43  620  108  29.722650263804  -95.353567797104
    44  621  108  29.722650723188  -95.353541969780
    45  622  108  29.722651182567  -95.353516142457
    46  623  108  29.722651641941  -95.353490315132
    47  624  108  29.722652101311  -95.353464487807
    48  625  108  29.722652560675  -95.353438660482
    49  605  108  29.722643372438  -95.353955206880
    50  604  108  29.722642912973  -95.353981034194
    51  615  109  29.722625423440  -95.353696407376
    52  616  109  29.722625882849  -95.353670580061
    53  617  109  29.722626342253  -95.353644752746
    54  618  109  29.722626801651  -95.353618925430
    55  619  109  29.722627261045  -95.353593098114
    56  620  109  29.722627720434  -95.353567270797
    57  621  109  29.722628179818  -95.353541443480
    58  622  109  29.722628639196  -95.353515616162
    59  623  109  29.722629098570  -95.353489788843
    60  624  109  29.722629557939  -95.353463961524
    61  603  109  29.722619910140  -95.354006335103
    62  613  109  29.722624504607  -95.353748062003
    63  614  109  29.722624964026  -95.353722234689
    64  605  109  29.722620829074  -95.353954680487
    65  606  109  29.722621288533  -95.353928853179
    66  607  109  29.722621747987  -95.353903025870
    67  608  109  29.722622207436  -95.353877198560
    68  604  109  29.722620369610  -95.353980507795
    69  622  110  29.722606095825  -95.353515089867
    70  624  110  29.722607014567  -95.353463435241
    71  610  110  29.722600582954  -95.353825017575
    72  609  110  29.722600123515  -95.353850844881
    73  608  110  29.722599664071  -95.353876672185
    74  607  110  29.722599204623  -95.353902499489
    75  606  110  29.722598745169  -95.353928326792
    76  605  110  29.722598285710  -95.353954154095
    77  604  110  29.722597826246  -95.353979981397
    78  603  110  29.722597366777  -95.354005808699
    79  621  110  29.722605636447  -95.353540917180
    80  620  110  29.722605177064  -95.353566744491
    81  619  110  29.722604717675  -95.353592571802
    82  618  110  29.722604258282  -95.353618399113
    83  617  110  29.722603798884  -95.353644226423
    84  616  110  29.722603339480  -95.353670053732
    85  615  110  29.722602880072  -95.353695881041
    86  623  110  29.722606555199  -95.353489262554
    87  604  111  29.722575282882  -95.353979455000
    88  609  111  29.722577580149  -95.353850318512
    89  608  111  29.722577120706  -95.353876145811
    90  607  111  29.722576661258  -95.353901973109
    91  606  111  29.722576201804  -95.353927800406
    92  623  111  29.722584011827  -95.353488736266
    93  622  111  29.722583552454  -95.353514563574
    94  621  111  29.722583093076  -95.353540390880
    95  620  111  29.722582633693  -95.353566218186
    96  619  111  29.722582174305  -95.353592045491
    97  618  111  29.722581714912  -95.353617872796
    98  617  111  29.722581255514  -95.353643700100
    99  602  111  29.722574363941  -95.354031109591
   100  603  111  29.722574823414  -95.354005282296
   101  605  111  29.722575742346  -95.353953627703
   102  610  111  29.722578039588  -95.353824491213
   103  621  112  29.722560549706  -95.353539864581
   104  622  112  29.722561009083  -95.353514037280
   105  623  112  29.722561468455  -95.353488209979
   106  620  112  29.722560090323  -95.353565691881
   107  604  112  29.722552739519  -95.353978928603
   108  602  112  29.722551820578  -95.354030583182
   109  603  112  29.722552280051  -95.354004755893
   110  608  112  29.722554577341  -95.353875619437
   111  605  112  29.722553198982  -95.353953101312
   112  606  112  29.722553658440  -95.353927274021
   113  607  112  29.722554117893  -95.353901446729
   114  609  112  29.722555036783  -95.353849792144
   115  622  113  29.722538465712  -95.353513510988
   116  602  113  29.722529277215  -95.354030056775
   117  603  113  29.722529736687  -95.354004229491
   118  604  113  29.722530196155  -95.353978402207
   119  605  113  29.722530655618  -95.353952574922
   120  606  113  29.722531115075  -95.353926747636
   121  607  113  29.722531574528  -95.353900920350
   122  608  113  29.722532033975  -95.353875093064
   123  609  113  29.722532493418  -95.353849265776
   124  601  114  29.722506274374  -95.354055357645
   125  602  114  29.722506733852  -95.354029530367
   126  603  114  29.722507193324  -95.354003703089
   127  604  114  29.722507652791  -95.353977875811
   128  605  114  29.722508112253  -95.353952048532
   129  606  114  29.722508571710  -95.353926221252
   130  607  114  29.722509031163  -95.353900393972
   131  608  114  29.722509490610  -95.353874566691
   132  609  114  29.722509950052  -95.353848739410
   133  601  115  29.722483731012  -95.354054831232
   134  602  115  29.722484190489  -95.354029003961
   135  603  115  29.722484649960  -95.354003176689
   136  604  115  29.722485109427  -95.353977349416
   137  605  115  29.722485568889  -95.353951522143
   138  606  115  29.722486028346  -95.353925694869
   139  607  115  29.722486487797  -95.353899867594
   140  608  115  29.722486947244  -95.353874040319
   141  600  116  29.722460728167  -95.354080132086
   142  601  116  29.722461187649  -95.354054304820
   143  602  116  29.722461647125  -95.354028477555
   144  603  116  29.722462106597  -95.354002650288
   145  604  116  29.722462566063  -95.353976823021
   146  605  116  29.722463025524  -95.353950995754
   147  606  116  29.722463484981  -95.353925168486
   148  607  116  29.722463944432  -95.353899341217
   149  608  116  29.722464403878  -95.353873513948
   150  600  117  29.722438184805  -95.354079605669
   151  601  117  29.722438644286  -95.354053778409
   152  602  117  29.722439103762  -95.354027951149
   153  603  117  29.722439563233  -95.354002123889
   154  604  117  29.722440022699  -95.353976296628
   155  605  117  29.722440482160  -95.353950469366
   156  606  117  29.722440941616  -95.353924642103
   157  607  117  29.722441401067  -95.353898814840
   158  608  117  29.722441860512  -95.353872987577
   159  599  118  29.722415181957  -95.354104906505
   160  600  118  29.722415641442  -95.354079079252
   161  601  118  29.722416100923  -95.354053251999
   162  602  118  29.722416560399  -95.354027424745
   163  603  118  29.722417019869  -95.354001597490
   164  604  118  29.722417479335  -95.353975770234
   165  605  118  29.722417938795  -95.353949942978
   166  606  118  29.722418398251  -95.353924115722
   167  607  118  29.722418857701  -95.353898288464
   168  600  119  29.722393098080  -95.354078552837
   169  601  119  29.722393557560  -95.354052725589
   170  602  119  29.722394017035  -95.354026898340
   171  603  119  29.722394476505  -95.354001071091
   172  604  119  29.722394935970  -95.353975243842
   173  605  119  29.722395395431  -95.353949416591
   174  606  119  29.722395854886  -95.353923589340
   175  607  119  29.722396314336  -95.353897762089
   176  604  120  29.722372392606  -95.353974717449
   177  605  120  29.722372852066  -95.353948890205
   178  606  120  29.722373311520  -95.353923062960
   179  607  120  29.722373770970  -95.353897235714
   180  603  120  29.722371933141  -95.354000544693
   181  606  121  29.722350768155  -95.353922536580
