     1    56   19  29.724396707976  -95.368181444868
     2    57   19  29.724397170236  -95.368155617370
     3    58   19  29.724397632490  -95.368129789872
     4    59   19  29.724398094739  -95.368103962373
     5    60   19  29.724398556984  -95.368078134873
     6    55   19  29.724396245711  -95.368207272365
     7    55   20  29.724373702586  -95.368206742749
     8    56   20  29.724374164850  -95.368180915258
     9    57   20  29.724374627109  -95.368155087766
    10    58   20  29.724375089363  -95.368129260273
    11    59   20  29.724375551612  -95.368103432780
    12    60   20  29.724376013856  -95.368077605286
    13    55   21  29.724351159460  -95.368206213134
    14    56   21  29.724351621723  -95.368180385649
    15    57   21  29.724352083982  -95.368154558162
    16    58   21  29.724352546236  -95.368128730675
    17    59   21  29.724353008484  -95.368102903188
    18    60   21  29.724353470728  -95.368077075700
    19  1628   43  29.724576115211  -95.327567386530
    20  1627   43  29.724575660867  -95.327593214827
    21  1627   44  29.724553117084  -95.327592694285
    22  1628   44  29.724553571428  -95.327566865994
    23   935   44  29.724237504877  -95.345465729427
    24   934   44  29.724237047046  -95.345491557307
    25   936   44  29.724237962702  -95.345439901547
    26   933   44  29.724236589210  -95.345517385186
    27  1628   45  29.724531027644  -95.327566345459
    28  1627   45  29.724530573301  -95.327592173744
    29   933   45  29.724214045715  -95.345516860645
    30   934   45  29.724214503550  -95.345491032772
    31   935   45  29.724214961381  -95.345465204898
    32   936   45  29.724215419206  -95.345439377024
    33   934   46  29.724191960054  -95.345490508237
    34   935   46  29.724192417884  -95.345464680369
    35   936   46  29.724192875709  -95.345438852500
    36   933   46  29.724191502220  -95.345516336104
    37   933   47  29.724168958724  -95.345515811565
    38   934   47  29.724169416559  -95.345489983703
    39   935   47  29.724169874388  -95.345464155841
    40   936   47  29.724170332213  -95.345438327978
    41   934   48  29.724146873063  -95.345489459170
    42   935   48  29.724147330892  -95.345463631313
    43   936   48  29.724147788716  -95.345437803456
    44   933   48  29.724146415229  -95.345515287026
    45  1848   51  29.724495597471  -95.321880992768
    46  1847   51  29.724495144238  -95.321906821149
    47  1846   51  29.724494691000  -95.321932649528
    48  1846   52  29.724472147126  -95.321932130254
    49  1848   52  29.724473053596  -95.321880473505
    50  1847   52  29.724472600364  -95.321906301879
    51  1847   53  29.724450056489  -95.321905782611
    52  1846   53  29.724449603252  -95.321931610979
    53  1848   53  29.724450509721  -95.321879954242
    54   448   67  29.723495450016  -95.358031707515
    55   447   67  29.723494989744  -95.358057534971
    56   449   67  29.723495910283  -95.358005880058
    57   448   68  29.723472906722  -95.358031180193
    58   447   68  29.723472446450  -95.358057007643
    59   449   68  29.723473366988  -95.358005352742
    60   448   69  29.723450363427  -95.358030652871
    61   449   69  29.723450823693  -95.358004825426
    62   447   69  29.723449903156  -95.358056480315
    63  1019   97  29.723081137435  -95.343268411844
    64  1016   97  29.723079765262  -95.343345894714
    65  1017   97  29.723080222658  -95.343320067091
    66  1018   97  29.723080680049  -95.343294239468
    67  1017   98  29.723057679124  -95.343319543066
    68  1016   98  29.723057221728  -95.343345370683
    69  1183   98  29.723133537049  -95.339032150374
    70  1182   98  29.723133080489  -95.339057978090
    71  1181   98  29.723132623923  -95.339083805805
    72  1180   98  29.723132167353  -95.339109633520
    73  1018   98  29.723058136514  -95.343293715448
    74  1019   98  29.723058593900  -95.343267887830
    75  1181   99  29.723110080320  -95.339083282725
    76  1182   99  29.723110536885  -95.339057455016
    77  1183   99  29.723110993445  -95.339031627306
    78  1019   99  29.723036050364  -95.343267363817
    79  1018   99  29.723035592979  -95.343293191429
    80  1016   99  29.723034678194  -95.343344846653
    81  1017   99  29.723035135589  -95.343319019041
    82  1180   99  29.723109623750  -95.339109110434
    83  1016  100  29.723012134659  -95.343344322623
    84  1017  100  29.723012592054  -95.343318495017
    85  1181  100  29.723087536717  -95.339082759646
    86  1019  100  29.723013506828  -95.343266839804
    87  1183  100  29.723088449841  -95.339031104238
    88  1180  100  29.723087080148  -95.339108587350
    89  1182  100  29.723087993282  -95.339056931943
    90  1018  100  29.723013049444  -95.343292667411
    91  1180  101  29.723064536545  -95.339108064265
    92  1181  101  29.723064993114  -95.339082236568
    93  1183  101  29.723065906237  -95.339030581171
    94  1182  101  29.723065449678  -95.339056408870
    95   252  116  29.722300523055  -95.363067983999
    96   253  116  29.722300984287  -95.363042156942
    97   251  116  29.722300061817  -95.363093811055
    98   251  117  29.722277518601  -95.363093282627
    99   252  117  29.722277979838  -95.363067455576
   100   253  117  29.722278441070  -95.363041628525
   101   251  118  29.722254975384  -95.363092754199
   102   252  118  29.722255436621  -95.363066927155
   103   253  118  29.722255897853  -95.363041100110
   104   977  188  29.721010462402  -95.344305466708
   105   976  188  29.721010004842  -95.344331293782
   106   978  188  29.721010919956  -95.344279639632
   107   976  189  29.720987461317  -95.344330769575
   108   977  189  29.720987918876  -95.344304942506
   109   978  189  29.720988376430  -95.344279115437
   110   976  190  29.720964917791  -95.344330245368
   111   978  190  29.720965832904  -95.344278591241
   112   977  190  29.720965375350  -95.344304418305
   113   429  207  29.720330643013  -95.358448594473
   114   428  207  29.720330182704  -95.358474421110
   115   430  207  29.720331103317  -95.358422767834
   116   429  208  29.720308099714  -95.358448067125
   117   428  208  29.720307639406  -95.358473893757
   118   430  208  29.720308560017  -95.358422240492
   119   430  209  29.720286016718  -95.358421713151
   120   429  209  29.720285556415  -95.358447539778
   121   428  209  29.720285096107  -95.358473366404
   122   954  243  29.719760043743  -95.344870651785
   123   952  243  29.719759128433  -95.344922305272
   124   953  243  29.719759586090  -95.344896478529
   125   954  244  29.719737500222  -95.344870127483
   126   953  244  29.719737042570  -95.344895954222
   127   952  244  29.719736584913  -95.344921780959
   128   952  245  29.719714041393  -95.344921256647
   129   953  245  29.719714499049  -95.344895429915
   130   954  245  29.719714956701  -95.344869603183
   131   722  249  29.719518473035  -95.350859286616
   132   723  249  29.719518931847  -95.350833460044
   133   724  249  29.719519390654  -95.350807633472
   134   723  250  29.719496388422  -95.350832934415
   135   724  250  29.719496847228  -95.350807107849
   136   722  250  29.719495929610  -95.350858760981
   137   722  251  29.719473386185  -95.350858235348
   138   723  251  29.719473844997  -95.350832408787
   139   724  251  29.719474303803  -95.350806582227
   140   868  251  29.719540319370  -95.347087551240
   141   869  251  29.719540777447  -95.347061724592
   142   870  251  29.719541235518  -95.347035897944
   143   869  252  29.719518233960  -95.347061199806
   144   870  252  29.719518692032  -95.347035373164
   145   868  252  29.719517775884  -95.347087026448
   146   869  253  29.719495690474  -95.347060675020
   147   868  253  29.719495232398  -95.347086501656
   148   870  253  29.719496148545  -95.347034848384
   149   524  259  29.719202095697  -95.355967668318
   150   525  259  29.719202555502  -95.355941841922
   151   523  259  29.719201635888  -95.355993494713
   152   525  260  29.719180012158  -95.355941315159
   153   523  260  29.719179092546  -95.355992967938
   154   524  260  29.719179552355  -95.355967141549
   155   524  261  29.719157009012  -95.355966614780
   156   525  261  29.719157468815  -95.355940788396
   157   523  261  29.719156549203  -95.355992441164
   158   118  272  29.718721938304  -95.366446257102
   159   119  272  29.718722400145  -95.366420431024
   160   120  272  29.718722861981  -95.366394604946
   161   118  273  29.718699395130  -95.366445728001
   162   119  273  29.718699856971  -95.366419901930
   163   120  273  29.718700318807  -95.366394075857
   164   323  290  29.718410731875  -95.361142396233
   165   324  290  29.718411192678  -95.361116570136
   166   322  290  29.718410271068  -95.361168222329
   167   322  291  29.718387727807  -95.361167694415
   168   323  291  29.718388188614  -95.361141868324
   169   324  291  29.718388649416  -95.361116042233
   170   323  292  29.718365645352  -95.361141340416
   171   322  292  29.718365184546  -95.361167166501
   172   324  292  29.718366106154  -95.361115514331
   173  1056  327  29.717913038233  -95.342192330891
   174  1055  327  29.717912581129  -95.342218157212
   175  1053  327  29.717911666906  -95.342269809852
   176  1054  327  29.717912124020  -95.342243983532
   177  1054  328  29.717889580450  -95.342243459857
   178  1055  328  29.717890037559  -95.342217633542
   179  1056  328  29.717890494663  -95.342191807227
   180  1053  328  29.717889123336  -95.342269286171
   181  1054  329  29.717867036880  -95.342242936182
   182  1055  329  29.717867493989  -95.342217109873
   183  1056  329  29.717867951092  -95.342191283564
   184  1053  329  29.717866579767  -95.342268762490
   185  1054  330  29.717844493311  -95.342242412508
   186  1055  330  29.717844950419  -95.342216586205
   187  1056  330  29.717845407522  -95.342190759902
   188  1053  330  29.717844036198  -95.342268238811
