     1  1123   62  29.723917703304  -95.340600655567
     2  1121   62  29.723916789545  -95.340652311342
     3  1122   62  29.723917246427  -95.340626483455
     4  1124   62  29.723918160176  -95.340574827679
     5  1124   63  29.723895616600  -95.340574304249
     6  1123   63  29.723895159728  -95.340600132132
     7  1121   63  29.723894245970  -95.340651787895
     8  1122   63  29.723894702852  -95.340625960014
     9  1123   64  29.723872616153  -95.340599608697
    10  1121   64  29.723871702395  -95.340651264449
    11  1122   64  29.723872159276  -95.340625436573
    12  1124   64  29.723873073024  -95.340573780820
    13  1123   65  29.723850072577  -95.340599085263
    14  1124   65  29.723850529448  -95.340573257392
    15  1121   65  29.723849158820  -95.340650741003
    16  1122   65  29.723849615701  -95.340624913133
    17  1031  172  29.721395859902  -95.342919186117
    18  1032  172  29.721396317191  -95.342893358918
    19  1031  173  29.721373316355  -95.342918662217
    20  1032  173  29.721373773644  -95.342892835024
    21  1032  174  29.721351230097  -95.342892311130
    22  1031  174  29.721350772808  -95.342918138318
    23  1032  175  29.721328686549  -95.342891787237
    24  1031  175  29.721328229261  -95.342917614419
    25  1028  176  29.721304313820  -95.342994572047
    26  1027  176  29.721303856513  -95.343020399222
    27  1027  177  29.721281312967  -95.343019875301
    28  1028  177  29.721281770275  -95.342994048133
    29   955  191  29.720932764381  -95.344872089230
    30   955  192  29.720910220864  -95.344871564904
    31   956  192  29.720910678527  -95.344845737864
    32   954  192  29.720909763195  -95.344897391942
    33   955  193  29.720887677347  -95.344871040578
    34   956  193  29.720888135010  -95.344845213544
    35   957  193  29.720888592668  -95.344819386510
    36   954  193  29.720887219679  -95.344896867610
    37   955  194  29.720865133830  -95.344870516252
    38   956  194  29.720865591492  -95.344844689225
    39   957  194  29.720866049150  -95.344818862196
    40   954  194  29.720864676162  -95.344896343279
    41   954  195  29.720842132645  -95.344895818949
    42   956  195  29.720843047975  -95.344844164906
    43   955  195  29.720842590313  -95.344869991928
    44   953  195  29.720841674973  -95.344921645969
    45   972  196  29.720827826362  -95.344430408249
    46   954  196  29.720819589129  -95.344895294619
    47   955  196  29.720820046795  -95.344869467603
    48   975  196  29.720829199076  -95.344352927168
    49   957  196  29.720820962114  -95.344817813571
    50   958  196  29.720821419766  -95.344791986553
    51   974  196  29.720828741510  -95.344378754196
    52   973  196  29.720828283938  -95.344404581223
    53   953  196  29.720819131457  -95.344921121634
    54   976  196  29.720829656637  -95.344327100140
    55   977  196  29.720830114193  -95.344301273112
    56   956  196  29.720820504457  -95.344843640587
    57   978  196  29.720830571744  -95.344275446083
    58   953  197  29.720796587940  -95.344920597299
    59   977  197  29.720807570667  -95.344300748915
    60   976  197  29.720807113111  -95.344326575938
    61   975  197  29.720806655550  -95.344352402960
    62   974  197  29.720806197984  -95.344378229982
    63   973  197  29.720805740414  -95.344404057003
    64   972  197  29.720805282838  -95.344429884023
    65   952  197  29.720796130264  -95.344946424307
    66   978  197  29.720808028217  -95.344274921892
    67   958  197  29.720798876247  -95.344791462247
    68   957  197  29.720798418596  -95.344817289259
    69   956  197  29.720797960940  -95.344843116270
    70   955  197  29.720797503278  -95.344868943280
    71   954  197  29.720797045612  -95.344894770290
    72   952  198  29.720773586748  -95.344945899967
    73   977  198  29.720785027140  -95.344300224719
    74   976  198  29.720784569585  -95.344326051736
    75   975  198  29.720784112024  -95.344351878752
    76   974  198  29.720783654459  -95.344377705768
    77   973  198  29.720783196889  -95.344403532784
    78   972  198  29.720782739313  -95.344429359798
    79   954  198  29.720774502095  -95.344894245961
    80   955  198  29.720774959761  -95.344868418957
    81   956  198  29.720775417422  -95.344842591952
    82   957  198  29.720775875078  -95.344816764947
    83   958  198  29.720776332729  -95.344790937941
    84   978  198  29.720785484690  -95.344274397701
    85   953  198  29.720774044424  -95.344920072964
    86   952  199  29.720751043231  -95.344945375627
    87   972  199  29.720760195789  -95.344428835574
    88   973  199  29.720760653364  -95.344403008565
    89   954  199  29.720751958578  -95.344893721633
    90   955  199  29.720752416243  -95.344867894634
    91   978  199  29.720762941163  -95.344273873511
    92   977  199  29.720762483614  -95.344299700523
    93   976  199  29.720762026059  -95.344325527535
    94   975  199  29.720761568499  -95.344351354545
    95   974  199  29.720761110934  -95.344377181555
    96   953  199  29.720751500907  -95.344919548630
    97   956  199  29.720752873904  -95.344842067636
    98   957  199  29.720753331559  -95.344816240636
    99   958  199  29.720753789210  -95.344790413636
   100   954  200  29.720729415061  -95.344893197305
   101   953  200  29.720728957390  -95.344919024297
   102   955  200  29.720729872726  -95.344867370313
   103   957  200  29.720730788041  -95.344815716326
   104   958  200  29.720731245691  -95.344789889332
   105   956  200  29.720730330386  -95.344841543320
   106   951  200  29.720728042035  -95.344970678279
   107   952  200  29.720728499715  -95.344944851288
   108   955  201  29.720707329208  -95.344866845992
   109   952  201  29.720705956199  -95.344944326950
   110   951  201  29.720705498519  -95.344970153935
   111   958  201  29.720708702172  -95.344789365028
   112   957  201  29.720708244523  -95.344815192016
   113   956  201  29.720707786868  -95.344841019004
   114   954  201  29.720706871543  -95.344892672978
   115   953  201  29.720706413874  -95.344918499964
   116   957  202  29.720685701004  -95.344814667707
   117   956  202  29.720685243350  -95.344840494689
   118   955  202  29.720684785690  -95.344866321671
   119   954  202  29.720684328026  -95.344892148652
   120   952  202  29.720683412682  -95.344943802612
   121   953  202  29.720683870357  -95.344917975632
   122   958  202  29.720686158653  -95.344788840725
   123   951  202  29.720682955003  -95.344969629591
   124   956  203  29.720662699831  -95.344839970375
   125   957  203  29.720663157485  -95.344814143399
   126   951  203  29.720660411487  -95.344969105248
   127   950  203  29.720659953803  -95.344994932221
   128   958  203  29.720663615134  -95.344788316422
   129   967  204  29.720645190224  -95.344555349352
   130   968  204  29.720645647823  -95.344529522375
   131   964  204  29.720643817400  -95.344632830280
   132   970  204  29.720646563004  -95.344477868419
   133   966  204  29.720644732621  -95.344581176329
   134   965  204  29.720644275013  -95.344607003305
   135   969  204  29.720646105416  -95.344503695398
   136   964  205  29.720621273878  -95.344632306013
   137   965  205  29.720621731491  -95.344606479044
   138   966  205  29.720622189099  -95.344580652074
   139   967  205  29.720622646701  -95.344554825103
   140   968  205  29.720623104299  -95.344528998131
   141   969  205  29.720623561892  -95.344503171159
   142   970  205  29.720624019479  -95.344477344187
   143   970  206  29.720601475955  -95.344476819955
   144   964  206  29.720598730356  -95.344631781747
   145   965  206  29.720599187969  -95.344605954783
   146   966  206  29.720599645576  -95.344580127819
   147   968  206  29.720600560776  -95.344528473888
   148   969  206  29.720601018368  -95.344502646922
   149   967  206  29.720600103178  -95.344554300854
   150   970  209  29.720533845382  -95.344475247263
   151   971  209  29.720534302963  -95.344449420313
   152   972  209  29.720534760538  -95.344423593362
   153   973  209  29.720535218109  -95.344397766411
   154   974  209  29.720535675675  -95.344371939459
   155   969  209  29.720533387796  -95.344501074213
   156   969  210  29.720510844271  -95.344500549978
   157   970  210  29.720511301857  -95.344474723034
   158   971  210  29.720511759438  -95.344448896090
   159   972  210  29.720512217013  -95.344423069145
   160   973  210  29.720512674583  -95.344397242199
   161   974  210  29.720513132149  -95.344371415253
   162   969  211  29.720488300747  -95.344500025743
   163   970  211  29.720488758332  -95.344474198805
   164   971  211  29.720489215912  -95.344448371867
   165   972  211  29.720489673487  -95.344422544927
   166   973  211  29.720490131057  -95.344396717988
   167   974  211  29.720490588622  -95.344370891047
   168   969  212  29.720465757223  -95.344499501509
   169   970  212  29.720466214807  -95.344473674577
   170   971  212  29.720466672387  -95.344447847644
   171   972  212  29.720467129962  -95.344422020711
   172   973  212  29.720467587531  -95.344396193777
   173   971  213  29.720444128862  -95.344447323422
   174   970  213  29.720443671283  -95.344473150349
   175   969  213  29.720443213698  -95.344498977276
   176   973  213  29.720445044005  -95.344395669566
   177   972  213  29.720444586436  -95.344421496495
   178   970  214  29.720421127758  -95.344472626122
   179   971  214  29.720421585336  -95.344446799201
   180   972  214  29.720422042910  -95.344420972279
   181   973  214  29.720422500479  -95.344395145357
   182   969  214  29.720420670174  -95.344498453043

